# time ref_real ref_imag sibcc_real sibcc_imag direct_real direct_imag
0.0	0.002373544350526784	-0.0	0.002329874657701106	9.807002646471314e-5	0.0023999345744117983	7.5555402221248445e-6
2.0	0.0021867116877527003	-0.0008340278976360792	0.0021515417403405223	-0.0007758220789072305	0.0021870186475525456	-0.0008394747648196154
4.0	0.0016665253762694675	-0.001505047189351033	0.0016379498978095252	-0.0014787758265778577	0.0016501880828972333	-0.0015089358206024207
6.0	0.0009238842501660966	-0.0018881733123247875	0.0009018697238283446	-0.0018881640489947337	0.0009037860471246774	-0.0018850185557833428
8.0	0.00011292819013298387	-0.001924775065994808	9.63034788889642e-5	-0.0019468493603025053	9.91777855064308e-5	-0.0019168112685157663
10.0	-0.000606158824474672	-0.0016334819170828474	-0.0006207161461850972	-0.00167292995416689	-0.0006096745855684866	-0.0016265939060668701
12.0	-0.0011042566516925832	-0.001101783869684003	-0.0011210708800964214	-0.0011517306151094533	-0.001099819627765341	-0.00110100656360471
14.0	-0.001310797395038752	-0.0004612696971325211	-0.0013328566038126697	-0.0005126563766001823	-0.0013041146566818767	-0.00046788190947027276
16.0	-0.0012251683440934855	0.0001462147795401078	-0.0012521174064478967	0.00010281590039372037	-0.0012217102806258507	0.00013503739965491568
18.0	-0.0009102520311079722	0.0006022423791572811	-0.0009379779012418386	0.000573814689115914	-0.0009125050452226612	0.0005915559501673067
20.0	-0.0004711800309371831	0.0008367951415094164	-0.0004933708244350657	0.000825483102516806	-0.00047790704405669944	0.0008310906073094934
22.0	-2.5996302979942723e-5	0.0008390531139968363	-3.701800417058043e-5	0.0008414543529641987	-3.349282610630597e-5	0.0008400536232902728
24.0	0.0003236037549902359	0.0006526893404672948	0.0003258554149241248	0.0006613207021537948	0.0003191991568822707	0.0006587583082099621
26.0	0.0005141655072179788	0.0003585196031318346	0.0005267998167515089	0.00036492772799595727	0.0005148039387831975	0.0003657862208245383
28.0	0.0005304181006806523	5.02756324368456e-5	0.000546200032178076	4.84993006373921e-5	0.0005353103764505932	5.474056483803142e-5
30.0	0.00040227433286044596	-0.00018967745254064736	0.0004121562008185829	-0.00020074587822917342	0.0004085561621004281	-0.00019018463397195586
32.0	0.00019127407096922928	-0.00030871060964456196	0.00018773731403338065	-0.0003250192477327791	0.00019565713704327775	-0.00031365640943518237
34.0	-2.8831704167455278e-5	-0.0002926802587783393	-4.9025252807976775e-5	-0.0003068168517002548	-2.835939941008776e-5	-0.00029934654692310585
36.0	-0.0001918592706347278	-0.0001642255387099561	-0.0002266049182364203	-0.00016848357725634665	-0.00019514065102443245	-0.00016922873717303326
38.0	-0.0002545160107165405	2.75569184783042e-5	-0.00029732575973097044	3.81605063739274e-5	-0.0002595039975529167	2.6583019020091745e-5
40.0	-0.00020420814699510307	0.00022241142237764707	-0.0002466660911603914	0.00024836540920510845	-0.00020815981051661105	0.0002257967966959348
42.0	-5.850129738160589e-5	0.0003648759595090303	-9.312058760700471e-5	0.00040223257239804214	-5.939941422311363e-5	0.0003709778271017852
44.0	0.00014249918864358397	0.000417026927394709	0.00012016321897123189	0.0004590641239653832	0.00014503151288620088	0.00042322377653476696
46.0	0.00034808635318088764	0.0003654545573976042	0.00033877113357550176	0.00040509176955422894	0.00035278827119391393	0.0003694824389816939
48.0	0.0005098114111187183	0.00022162709048396018	0.0005113436779553676	0.000253549728311762	0.0005146153370664867	0.00022256797369117688
50.0	0.0005921206709867706	1.648535543749999e-5	0.000601078754257422	3.820858823574527e-5	0.0005953138577610273	1.4966839798149077e-5
52.0	0.0005785935641636865	-0.00020862924156478388	0.0005919709887604767	-0.00019696082861404677	0.0005796901358735234	-0.00021102132692921635
54.0	0.00047297853515635086	-0.00041202120969109	0.0004891333089901546	-0.00040873274275604745	0.0004728826058975135	-0.00041372063559342014
56.0	0.00029562286400497374	-0.0005601263189043883	0.00031424096124022373	-0.0005633278948993642	0.0002960582249998687	-0.0005604040757001354
58.0	7.695996849365139e-5	-0.0006326898955219747	9.825904025885622e-5	-0.0006411660627229919	7.95150129060749e-5	-0.0006319032147840617
60.0	-0.00014980021176638598	-0.0006240458347853544	-0.00012608517547154407	-0.000637403473564069	-0.00014449898492901125	-0.0006232486856589688
62.0	-0.0003548169208470785	-0.0005410645299146515	-0.0003301094385865648	-0.0005592392378998283	-0.0003473991243569965	-0.0005412529525655459
64.0	-0.0005153741262106512	-0.0003991604356382968	-0.0004922843882757928	-0.00042167745170485047	-0.0005073886477148327	-0.0004005963908245466
66.0	-0.0006170207889769194	-0.00021800865435954127	-0.0005987691027797232	-0.0002434485551750867	-0.0006101970813322376	-0.0002199891796489483
68.0	-0.0006527792025022485	-1.828355282342178e-5	-0.0006423306025136544	-4.422882527150295e-5	-0.0006482967424286859	-1.945751679999758e-5
70.0	-0.0006216084275277201	0.0001800223496839213	-0.0006209108255108235	0.00015656298762710486	-0.0006197373904461457	0.0001809870250090054
72.0	-0.0005272572209933483	0.00035799191926904017	-0.0005368537553771698	0.0003399127065085263	-0.0005275022158896758	0.0003617621661174318
74.0	-0.0003780984264322987	0.0004977819102868247	-0.00039716247486609583	0.0004872656342986727	-0.00037969803053758	0.0005040723732268319
76.0	-0.00018776389039583375	0.000583230179592325	-0.00021441495487734555	0.0005814007199836706	-0.00019022301885007962	0.0005910025250010916
78.0	2.425515445090323e-5	0.0006016652325288367	-7.437590126429597e-6	0.0006085417242443753	2.090941908451692e-5	0.0006096772228066207
80.0	0.00023311520365874223	0.0005467668515754291	0.0001992699106256531	0.0005614074968574744	0.0002284813843140637	0.0005541599164528713
82.0	0.00041100738331368094	0.000421577763362483	0.00037800065590607893	0.0004422622096398073	0.00040474663776717603	0.0004281941604969381
84.0	0.0005314628825606024	0.00024035290833495602	0.0005021404239826782	0.00026472375187628624	0.000523745686716023	0.000246641047503252
86.0	0.0005747423170422653	2.806183327372827e-5	0.0005514690221477836	5.3262246710199456e-5	0.0005664233583166175	3.466165127349385e-5
88.0	0.0005328233372305002	-0.00018298186686970642	0.00051707306444873	-0.00016006576111985888	0.000525219606843308	-0.00017571182502668106
90.0	0.00041235573928789294	-0.00035893255442546773	0.0004043594976414564	-0.00034124556729228243	0.000406726808123197	-0.00035116738623271676
92.0	0.0002344046531008756	-0.00047133446431593716	0.000233046794379884	-0.00046108273337002034	0.0002314015242544769	-0.00046367339293048606
94.0	3.0710672416483675e-5	-0.0005033215884781539	3.38028404645632e-5	-0.0005014355228948554	3.0080669777284165e-5	-0.0004963872797776482
96.0	-0.0001627525003271541	-0.00045335743514020787	-0.0001578484959230687	-0.0004592245520952468	-0.00016205106774457392	-0.00044734185525658693
98.0	-0.0003133126004090496	-0.00033544027385330196	-0.00030891847390973257	-0.00034707820612770736	-0.0003126459886550582	-0.00032986674018072504
100.0	-0.0003982870434481163	-0.0001757052299339159	-0.0003957985412280658	-0.0001903680082105918	-0.00039877003176997544	-0.00016955820855168722
102.0	-0.00040915501333085765	-6.363138070088933e-6	-0.00040883994189716945	-2.1371375130890793e-5	-0.00041125058586111954	1.4641991716265384e-6
104.0	-0.0003522966464193532	0.0001413955085862857	-0.0003535702041928761	0.00012793012278379821	-0.0003557762697892228	0.000151560690508228
106.0	-0.00024635446296587577	0.00024372942507769148	-0.00024837506724585185	0.00023258121378002248	-0.00025060828224176776	0.00025608587082349553
108.0	-0.00011714868411012833	0.00028825769395864536	-0.00011942081691750771	0.000279279691832514	-0.0001216523877720853	0.0003018702196718122
110.0	8.392787322812743e-6	0.0002752217975022078	5.724132854975694e-6	0.0002679223451898302	3.721106396374618e-6	0.00028874595269714196
112.0	0.00010776106521921778	0.00021579975257693369	0.00010407934769454995	0.00020998373158827207	0.00010250936244141787	0.00022803267160037614
114.0	0.00016667195675608627	0.00012836477756949865	0.00016143026370615842	0.00012448842200660142	0.0001602092172317404	0.0001386918565808181
116.0	0.000180580651844896	3.385577864955164e-5	0.00017391573833723984	3.288964690243184e-5	0.00017249818477902171	4.237805612783058e-5
118.0	0.0001539879710847359	-4.8567881278996763e-5	0.00014704649348151795	-4.571768523884505e-5	0.00014445494870782153	-4.1270969874991445e-5
120.0	9.812909502752271e-5	-0.00010471585936257325	9.28687154928729e-5	-9.793776728214068e-5	8.795523542277971e-5	-9.80454811150299e-5
122.0	2.788608944831347e-5	-0.000126995750011023	2.6368100282294376e-5	-0.00011745938461602889	1.8240105116411067e-5	-0.00012076291444164417
124.0	-4.126152904725516e-5	-0.00011454637038620432	-3.78075954829709e-5	-0.00010463951282601504	-4.934644750425039e-5	-0.00010914464101094991
126.0	-9.567499307935873e-5	-7.227859676839658e-5	-8.758968258807224e-5	-6.49331217467308e-5	-0.00010176398321751588	-6.851461946721554e-5
128.0	-0.0001251503049130427	-9.360123950811802e-6	-0.00011450949630680494	-6.99455678865127e-6	-0.00012960699103231943	-8.03701863464484e-6
130.0	-0.00012374785073089042	6.239243925990045e-5	-0.00011380568345762139	5.8887701735329764e-5	-0.00012757230534039246	6.091815653221265e-5
132.0	-9.0120801620662e-5	0.00012996631211288954	-8.41864899796031e-5	0.00012176050328116109	-9.450482646485988e-5	0.00012602584601491146
134.0	-2.7610531708053337e-5	0.00018045537067516482	-2.7764749505106803e-5	0.00017056308944893091	-3.3424236347555456e-5	0.00017498793490972105
136.0	5.577856697644337e-5	0.0002023952304586796	4.963681016810659e-5	0.00019474724660176657	4.833119804603908e-5	0.00019659439488327158
138.0	0.0001476488961818714	0.00018732849665912597	0.00013804694046407398	0.00018544113724511165	0.0001390617072218134	0.00018219585889002248
140.0	0.00023204526812493868	0.00013162883961852302	0.00022335463245726268	0.0001373414408815397	0.00022324342634879191	0.00012765187830588627
142.0	0.0002912166327803234	3.831267176037708e-5	0.00028842229114830554	5.103551318887105e-5	0.0002831456870860562	3.5407353088470715e-5
144.0	0.00030847545346742095	-8.173921706866335e-5	0.0003156930461692181	-6.501162068510538e-5	0.00030175124460004405	-8.402311910800108e-5
146.0	0.00027192757372063576	-0.00020988446125582674	0.0002911316095932962	-0.00019380395329232267	0.00026669675892460585	-0.00021202869182569752
148.0	0.0001783544135711239	-0.00032175857584315084	0.00020868953200792905	-0.00031134491069572285	0.0001743902431754538	-0.0003239983241650875
150.0	3.613625580895897e-5	-0.0003914210427292304	7.398813333989179e-5	-0.00039065579428449213	3.3070760940529134e-5	-0.0003936609763111201
152.0	-0.00013399046541174407	-0.0003971005160044163	-9.420816954280563e-5	-0.0004077799747783567	-0.00013645315746828456	-0.0003990453300606522
154.0	-0.0003012202616414948	-0.0003273228931821159	-0.0002657821892626956	-0.00034845716031638835	-0.00030322926963247853	-0.00032872408693010604
156.0	-0.00043014759802860946	-0.00018573150795016036	-0.0004045515546880028	-0.00021362408252585156	-0.00043178849524564626	-0.00018659601683130282
158.0	-0.0004885778326613902	7.098318324195111e-6	-0.0004762305061652919	-2.1886563088158044e-5	-0.0004900287262340409	6.458601539771567e-6
160.0	-0.0004559264863173801	0.00021598401901375336	-0.00045726968791339964	0.00019230337129463098	-0.00045755485603216024	0.00021508329291644913
162.0	-0.0003299353978309654	0.00039768576152462363	-0.00034221905096635196	0.00038495055952301744	-0.0003322398340395137	0.00039609063038716915
164.0	-0.0001295562905986665	0.0005105114138572802	-0.000147347861399097	0.0005121934981257001	-0.00013295493011104175	0.0005080238649523321
166.0	0.00010733079829798395	0.0005247290585163478	9.095805400629106e-5	0.0005411259931955123	0.00010276133526663626	0.0005214166419289609
168.0	0.0003313606543601576	0.00043101603059291784	0.0003231841454602048	0.00045894598867729866	0.0003260455364381976	0.0004270732677929306
170.0	0.0004927973192788981	0.00024443290014200634	0.0004977199743071212	0.0002777903755934861	0.00048761090063261946	0.0002399615034307733
172.0	0.0005536440403329608	2.4466428072728102e-6	0.0005733423053519	3.357282484913318e-5	0.0005496373253588557	-2.704046822986766e-6
174.0	0.0004975779240838189	-0.00024291747516322346	0.0005299378012443712	-0.0002213375765124398	0.0004955954977619178	-0.0002491363007534542
176.0	0.00033492953750613653	-0.00043707765755007994	0.00037450447780854225	-0.0004300791417291121	0.0003352903046610191	-0.00044478610335759605
178.0	0.00010113578885191727	-0.0005360957538251563	0.00014057110167040967	-0.000545021050806542	0.00010352891417405928	-0.0005454454501568961
180.0	-0.00015120006353275977	-0.0005176627323249746	-0.00011914257477426015	-0.0005397305228298933	-0.00014755355137813025	-0.0005282964970258564
182.0	-0.00036478041517268295	-0.00038693443159752846	-0.0003451848037539366	-0.00041597611877304866	-0.00036077764853910247	-0.00039795322172643755
184.0	-0.0004914975922626555	-0.00017558139290027388	-0.00048586879602233597	-0.00020376875142206387	-0.00048778204201607137	-0.00018576368732925393
186.0	-0.000504178499452307	6.581586906421154e-5	-0.0005100812411924395	4.5755769339342176e-5	-0.0005009183626067523	5.762112305466587e-5
188.0	-0.0004031574557103104	0.0002801428920283176	-0.00041503326216161743	0.0002729001785297602	-0.00040006659999240247	0.0002746189249297938
190.0	-0.00021597675533597142	0.00041775635959268503	-0.000226870386569706	0.00042421805290143255	-0.00021254791192095498	0.00041489411583452374
192.0	9.702361609464618e-6	0.0004485478336158596	6.06693341356672e-6	0.0004657388998189747	1.3884667279595489e-5	0.00044769283433185384
194.0	0.0002181389919872961	0.0003690078061390555	0.0002255882257474847	0.0003911663782585149	0.00022316888841120933	0.00036915057941294655
196.0	0.0003593970950639231	0.00020254150038009514	0.0003783689446308198	0.00022294158252587809	0.0003650106592357805	0.00020271353744986576
198.0	0.00040152421721511184	-6.956365888846071e-6	0.0004291883809876024	5.966143024646873e-6	0.0004072584523933842	-7.359575435716758e-6
200.0	0.00033795642615222005	-0.00020652347285590462	0.00036927012329868674	-0.00020427123721711768	0.0003434046922165757	-0.00020762402733375576
202.0	0.00018835847938080124	-0.0003475407580913891	0.00021765532131551565	-0.0003559632328973378	0.0001933785306459381	-0.00034908952788647495
204.0	-7.1632465088720315e-6	-0.0003976626786011524	1.542765563574876e-5	-0.0004138746681271705	-2.3989247806256843e-6	-0.0003992945496123717
206.0	-0.0001988173541310131	-0.00034825156419663163	-0.0001854909733456832	-0.0003675423118559276	-0.00019394876073683615	-0.0003497401558971827
208.0	-0.00033994023314868965	-0.00021554216039997782	-0.0003358660801196396	-0.00023281360085105626	-0.0003346475457423361	-0.00021692782589413442
210.0	-0.000398491634914593	-3.545110460517115e-5	-0.0004013813734493732	-4.659048247097718e-5	-0.0003926948647313855	-3.699651663152378e-5
212.0	-0.0003643095437775489	0.00014637885030307994	-0.00037044561382025494	0.00014354537435207678	-0.00035823142590717	0.0001443551898035026
214.0	-0.00025042529922477904	0.0002865045530044521	-0.00025576195823309	0.00029186349700628255	-0.0002444864860284249	0.00028380672873776024
216.0	-8.838833735556279e-5	0.0003543701073227599	-8.959642851909693e-5	0.00036578181129636725	-8.299584949365423e-5	0.00035101067443682596
218.0	8.084472971798957e-5	0.00033902576986273147	8.563436631385894e-5	0.0003530541661768842	8.549890845521641e-5	0.0003351781390492347
220.0	0.00021778851465110546	0.0002503567879311451	0.00022868228009588043	0.00026324195644528457	0.00022181094379706775	0.0002462156171133134
222.0	0.0002940837093917509	0.00011487602865027082	0.0003095890085801093	0.0001234990102504011	0.0002978046228989811	0.00011052109906574002
224.0	0.00029846605098406533	-3.2388841388366656e-5	0.00031604564543884683	-2.9775172017067594e-5	0.0003022528406639945	-3.7034093733411845e-5
226.0	0.00023777564872017384	-0.000157424703509443	0.00025463555778006597	-0.0001608623547668829	0.0002418405246522558	-0.00016250759580548106
228.0	0.00013320140459687928	-0.00023550061522524532	0.00014710285690440456	-0.00024346104257151572	0.00013750848887343772	-0.00024107289032391426
230.0	1.3257703216576521e-5	-0.0002560833195151183	2.313219374942867e-5	-0.00026602558806012607	1.7576284834370407e-5	-0.00026195365755285065
232.0	-9.424449261357501e-5	-0.00022344893011548496	-8.805519168402892e-5	-0.00023264162737861454	-9.017692839664889e-5	-0.00022915066794824943
234.0	-0.00016892771177287098	-0.00015334944763297092	-0.00016488476506127227	-0.00015971177999677465	-0.00016523048301820355	-0.00015826084215186684
236.0	-0.00020160696476059073	-6.716996154267898e-5	-0.0001975803108892818	-6.986838599222346e-5	-0.00019817301564674844	-7.074130157661683e-5
238.0	-0.0001944610039814241	1.4445381148543357e-5	-0.0001885310165665501	1.484168900619681e-5	-0.00019101700051274282	1.2465042033321763e-5
240.0	-0.00015811824932308643	7.662477354065166e-5	-0.0001492950253895257	7.84831458714842e-5	-0.00015439789270876693	7.607429664638654e-5
242.0	-0.00010699572971258975	0.00011273576013736197	-9.55917955709236e-5	0.00011407221129136274	-0.00010293063318155526	0.00011310089093360043
244.0	-5.4557297064155894e-5	0.0001240072051754011	-4.206576827067816e-5	0.00012330781741780065	-5.037636198471246e-5	0.00012462473230233739
246.0	-9.933334018543196e-6	0.00011693317744014152	1.5541221788787525e-6	0.00011377249066859333	-6.1081327091238514e-6	0.00011724074957598304
248.0	2.329882847400445e-5	9.968181933841947e-5	3.192035966626567e-5	9.489794805461602e-5	2.6243435068038005e-5	9.939320281336657e-5
250.0	4.618686825757733e-5	7.886613308801313e-5	5.1068515455825565e-5	7.422239849553717e-5	4.7904706402234566e-5	7.799335462208716e-5
252.0	6.204677722920391e-5	5.771554720664516e-5	6.36939709479603e-5	5.5180982624985005e-5	6.252786839471147e-5	5.644084970159344e-5
254.0	7.378305508411503e-5	3.606801670954588e-5	7.394874734509877e-5	3.7001594649449555e-5	7.335629193494987e-5	3.45464451789486e-5
256.0	8.196783653378377e-5	1.1912010359547774e-5	8.304443853424028e-5	1.6474019919188347e-5	8.114740257385324e-5	1.011871718928741e-5
258.0	8.437419530066623e-5	-1.6324243870091196e-5	8.854175669601403e-5	-9.302078290006304e-6	8.362778366267602e-5	-1.861607603484512e-5
260.0	7.706523021443433e-5	-4.775296412589524e-5	8.55192704664277e-5	-4.0390658244374146e-5	7.662044286679792e-5	-5.0851340698242166e-5
262.0	5.654887811338851e-5	-7.814208912092392e-5	6.909269692048085e-5	-7.277844941850605e-5	5.6331806693036284e-5	-8.223952669125224e-5
264.0	2.2112808562937952e-5	-0.00010058513909347785	3.725064690467798e-5	-9.897149072039642e-5	2.1842394555906927e-5	-0.00010559550223548072
266.0	-2.2623497218802525e-5	-0.00010756271046247233	-7.1498552599262495e-6	-0.00011028149680550691	-2.32424092380182e-5	-0.00011308446868740484
268.0	-6.964353613546717e-5	-9.370890025944752e-5	-5.6091411989073874e-5	-0.00010001445772222215	-7.073407569220442e-5	-9.914167678613942e-5
270.0	-0.00010815272208185404	-5.830286961917537e-5	-9.806969331522665e-5	-6.64129300997469e-5	-0.00010958423277596593	-6.306412011605529e-5
272.0	-0.00012748951982486932	-6.541047853509701e-6	-0.00012129364438535556	-1.424318028164068e-5	-0.00012893859535205305	-1.0278057739872773e-5
274.0	-0.00012045746916078135	5.0996593024687324e-5	-0.00011741349607540387	4.565588596198414e-5	-0.00012157304567571764	4.83008123014949e-5
276.0	-8.599792003167409e-5	0.00010070071775593059	-8.454708717345639e-5	9.887644137281143e-5	-8.657776542160947e-5	9.877350061057026e-5
278.0	-3.026310527790886e-5	0.0001295155952277332	-2.855296361032855e-5	0.00013132362942433096	-3.0346360665817382e-5	0.00012796109732183188
280.0	3.439393528239859e-5	0.00012871590106943012	3.797123500745356e-5	0.00013331983757809023	3.456502996479995e-5	0.00012721213634223985
282.0	9.235781795968623e-5	9.671375869406968e-5	9.877571905443972e-5	0.00010266060536172374	9.248168900130187e-5	9.514101585317091e-5
284.0	0.00012884369600916603	3.997360532147932e-5	0.00013827882189339943	4.564189153884515e-5	0.0001287269565248996	3.841766706603504e-5
286.0	0.00013397259739668583	-2.8340373787697947e-5	0.00014586644608138242	-2.4317435805905026e-5	0.00013362904788769345	-2.969688600688635e-5
288.0	0.00010561742747579718	-9.167325001570881e-5	0.00011890223080164273	-9.010757746423986e-5	0.00010524626147991564	-9.269928707320928e-5
290.0	5.014947984322235e-5	-0.00013442661960920177	6.355662958409331e-5	-0.0001354435759066795	5.000819001943206e-5	-0.00013514224919941933
292.0	-1.916364311767733e-5	-0.0001460955816544985	-6.789583974329529e-6	-0.00014917208701302508	-1.8918052045341267e-5	-0.00014666720382431066
294.0	-8.56535763706012e-5	-0.0001240031960224119	-7.509712755997872e-5	-0.00012814818663810096	-8.50646126863061e-5	-0.00012464193179142954
296.0	-0.00013362335882676957	-7.386638353922612e-5	-0.00012514340489759625	-7.789803302378276e-5	-0.0001329190165982722	-7.469418689273219e-5
298.0	-0.00015233883172086665	-8.084284796687238e-6	-0.00014564841221548764	-1.0943216276852188e-5	-0.00015180685031938372	-9.051639008036405e-6
300.0	-0.00013853350362818005	5.7685796413440615e-5	-0.00013292282924911564	5.666118305778653e-5	-0.00013835585235218696	5.677575007076239e-5
302.0	-9.680526339169671e-5	0.00010862362095494918	-9.13817526817243e-5	0.00010953598373094913	-9.694330183446661e-5	0.00010799079426836637
304.0	-3.793284339208509e-5	0.0001343361818110265	-3.191109615762347e-5	0.0001367381294937993	-3.812827018220443e-5	0.0001340646376595423
306.0	2.425954382547552e-5	0.00013099766104506037	3.131413089295842e-5	0.0001340787566582946	2.4364768557164917e-5	0.00013093201367988676
308.0	7.649626356922927e-5	0.00010159457367184399	8.456373871869374e-5	0.00010449009987958356	7.718195742779571e-5	0.00010135691354237147
310.0	0.00010907839575707734	5.4422685909826585e-5	0.00011776931853294747	5.653248983729615e-5	0.00011040297617340997	5.355392920038186e-5
312.0	0.00011760386414994667	4.689602135914775e-7	0.0001264065485541969	1.6576631111850013e-6	0.00011937143841602376	-1.3671232072058502e-6
314.0	0.0001031133534218818	-4.9450305742300586e-5	0.00011170028765906178	-4.886249013881035e-5	0.00010496938967084346	-5.229729411638428e-5
316.0	7.089222629966989e-5	-8.698354689154121e-5	7.934304030336628e-5	-8.644526955725354e-5	7.249958486306352e-5	-9.053967037622096e-5
318.0	2.8513865578024613e-5	-0.00010746117829804706	3.733493520519495e-5	-0.00010653711449657003	2.9720153826602206e-5	-0.00011117059562638828
320.0	-1.6173204288276226e-5	-0.00010994352599785615	-6.269096515159386e-6	-0.0001086249645219084	-1.5260117613408822e-5	-0.00011318958207430282
322.0	-5.6539800443896476e-5	-9.638528062959537e-5	-4.501857039942231e-5	-9.520580926216441e-5	-5.560274556090122e-5	-9.869735975012192e-5
324.0	-8.78733873808794e-5	-7.042117041218494e-5	-7.476439769909451e-5	-7.029493201495104e-5	-8.653319288656461e-5	-7.160568983668104e-5
326.0	-0.00010733890255567367	-3.6284125757515106e-5	-9.343143410998684e-5	-3.810672921767727e-5	-0.00010532118248778561	-3.643311083257579e-5
328.0	-0.00011352193782123452	1.8124624260209847e-6	-0.0001002475996782883	-2.3561437947617452e-6	-0.00011076160309195973	2.4191115598483886e-6
330.0	-0.00010596666036912861	3.977492173215892e-5	-9.496838730104065e-5	3.371000029560256e-5	-0.0001026061022701266	4.080845370815566e-5
332.0	-8.503229427348814e-5	7.342111554063316e-5	-7.755929430336374e-5	6.679600173465969e-5	-8.132759021087719e-5	7.46087977157075e-5
334.0	-5.216976103278196e-5	9.832076482763148e-5	-4.852778428095349e-5	9.302795529939726e-5	-4.8366080698278366e-5	9.947216272613126e-5
336.0	-1.0457753711231236e-5	0.00011002096130335923	-9.742993598680425e-6	0.00010790016647849561	-6.705522653947653e-6	0.00011098392092922968
338.0	3.495973216495126e-5	0.00010481466003731933	3.4710904953584736e-5	0.00010697770399518101	3.860655569839616e-5	0.00010541280468054951
340.0	7.694306187918915e-5	8.093868734652482e-5	7.82105580624364e-5	8.728266156592439e-5	8.045760080150014e-5	8.095172242106869e-5
342.0	0.00010721572092310463	3.982570375771115e-5	0.0001122308148035841	4.892937739770438e-5	0.00011051279009922896	3.9044260464275874e-5
344.0	0.00011802120873992869	-1.3114478160024484e-5	0.00012803919271546054	-3.6521479579970488e-6	0.00012092147700153273	-1.4778905215018482e-5
346.0	0.00010425437351347462	-6.86729010444881e-5	0.00011911352167056724	-6.155214329782433e-5	0.00010653416284300722	-7.108508917826516e-5
348.0	6.546742780219443e-5	-0.00011523310579110905	8.35829533314945e-5	-0.00011265065225750311	6.697723331831925e-5	-0.00011800884969757636
350.0	7.042025067850234e-6	-0.00014125300752598118	2.5835231380221975e-5	-0.00014423578619466226	7.83034983303592e-6	-0.0001438488851582919
352.0	-6.005649263406471e-5	-0.0001383053454432116	-4.343404383492483e-5	-0.00014638705889808494	-5.9690211160298095e-5	-0.00014020227934521148
354.0	-0.00012117426403059996	-0.00010384546288954005	-0.0001090461332491641	-0.00011517605734356257	-0.00012074382978742145	-0.00010475157641225364
356.0	-0.0001612512041363637	-4.280554032581239e-5	-0.0001547821022129222	-5.4648380326038975e-5	-0.00016025248958153568	-4.2785163052730766e-5
358.0	-0.00016873982360535893	3.266625424777912e-5	-0.0001676304086423924	2.3202889056483787e-5	-0.0001668549261099226	3.3202759195224196e-5
360.0	-0.00013909282941442305	0.00010552697310111978	-0.00014166871548837516	0.0001007299460250863	-0.000136335620641541	0.0001059758932886249
362.0	-7.673490075194429e-5	0.00015781649111217385	-8.03887264266428e-5	0.00015877682690774382	-7.346596327361601e-5	0.00015761344915043188
364.0	5.2391489219949735e-6	0.00017532966553092228	3.3764169326484105e-6	0.00018166221721667994	8.44144051466097e-6	0.0001741628203996981
366.0	8.779431881541825e-5	0.00015170287493042111	9.012191494858823e-5	0.0001616373809716259	9.035308961532645e-5	0.00014961727514806183
368.0	0.0001505546932384563	9.068374700971138e-5	0.00015838614240468792	0.00010150217237215476	0.00015210918087784711	8.80391201044765e-5
370.0	0.00017710845048409202	5.787265600576947e-6	0.0001903197741412507	1.4505805269979575e-5	0.00017763277194147737	3.098537318078685e-6
372.0	0.00015955947992176415	-8.274578863367918e-5	0.0001765944953224468	-7.86090614498687e-5	0.00015934094527487455	-8.500660184449783e-5
374.0	0.00010099457681693398	-0.00015298612920458516	0.00011924197943348242	-0.00015474594236598142	0.00010049217234584303	-0.0001545391926268467
376.0	1.507151909080951e-5	-0.00018702877918902157	3.15373765584925e-5	-0.00019444789181080805	1.4726620742870792e-5	-0.00018783258866696413
378.0	-7.726855644408075e-5	-0.00017580956883673252	-6.515491220382867e-5	-0.0001871170030776898	-7.718364066431699e-5	-0.0001760050989076751
380.0	-0.000153135787996058	-0.00012165887767149061	-0.00014679909088897875	-0.00013399498111651737	-0.00015257402160046772	-0.00012146076297944153
382.0	-0.00019364145109137905	-3.7838465007883544e-5	-0.0001929361317288644	-4.802890937760122e-5	-0.00019273700650127742	-3.7438929672880125e-5
384.0	-0.00018883508379026806	5.4850465570217746e-5	-0.00019206440602225378	4.939913986234508e-5	-0.00018780205575849338	5.5319348957322846e-5
386.0	-0.00014027321464263074	0.00013347591215265997	-0.00014467018168612134	0.0001340233217523829	-0.00013930967586296995	0.00013391847978101826
388.0	-6.05247213712914e-5	0.00017892517898066742	-6.306543474622357e-5	0.00018502568378431813	-5.9768440907293654e-5	0.00017923282197674525
390.0	3.0228302917089798e-5	0.00018078067083044345	3.1925111061774344e-5	0.0001904233832233868	3.0685590948871375e-5	0.0001808061332116671
392.0	0.00010953702213754087	0.00013982220515350186	0.0001165103654059424	0.00015004986209590944	0.00010960807771501529	0.0001394079923979077
394.0	0.0001585063768080393	6.753082796508457e-5	0.0001701807633479798	7.534454805957243e-5	0.00015808560300578168	6.658348754051899e-5
396.0	0.0001665211132911534	-1.719866399291388e-5	0.000180947876709957	-1.394068895981289e-5	0.00016550997138135926	-1.8631467179745368e-5
398.0	0.0001336488899695795	-9.317675761906589e-5	0.00014817271560571882	-9.51569005095084e-5	0.0001320226179121671	-9.487893698080082e-5
400.0	7.015904080191098e-5	-0.000142443880282707	8.227769175762115e-5	-0.00014876533736185978	6.803383579291733e-5	-0.0001440832032157848
402.0	-6.605793888216749e-6	-0.00015471394989350373	1.5203127306412722e-6	-0.0001632816651762485	-8.955732619694284e-6	-0.00015596048951646162
404.0	-7.706182770213842e-5	-0.0001295972473672433	-7.318205991742725e-5	-0.00013784788004468437	-7.926602806301544e-5	-0.00013025501327774364
406.0	-0.00012455341961236342	-7.610863806493574e-5	-0.0001238789751533525	-8.182913129030364e-5	-0.00012627144939866643	-7.619439980092184e-5
408.0	-0.00013945852316633284	-9.723927697412894e-6	-0.00014010093570324909	-1.1687021548876575e-5	-0.0001405166866936306	-9.449790676481311e-6
410.0	-0.0001211803333330499	5.209652532872757e-5	-0.00012107685320676311	5.386744292050466e-5	-0.00012165072940724514	5.243265331043261e-5
412.0	-7.760220291535674e-5	9.461976702131843e-5	-7.517374619145074e-5	9.900293243262472e-5	-7.777839360755504e-5	9.478375988882109e-5
414.0	-2.2303194459371192e-5	0.00010948729701164742	-1.6887060735215888e-5	0.00011473636254596176	-2.257549506712762e-5	0.00010942387150451851
416.0	2.955955878817507e-5	9.635801236676225e-5	3.761327901489315e-5	0.00010070919625025929	2.8875472763825857e-5	9.621244604526136e-5
418.0	6.546759991568773e-5	6.222079962620047e-5	7.502402316348736e-5	6.442788970883361e-5	6.426915212315087e-5	6.225527748185419e-5
420.0	7.86620989575477e-5	1.8732003006006667e-5	8.824126221091826e-5	1.8376016781635162e-5	7.709910214832343e-5	1.9178564269593302e-5
422.0	6.935850809667172e-5	-2.151739104104761e-5	7.762588812179926e-5	-2.40047976570374e-5	6.775407769250892e-5	-2.0592147803141886e-5
424.0	4.385044509850832e-5	-4.864083706135409e-5	5.0007477756975865e-5	-5.220680009541464e-5	4.2541744285787405e-5	-4.738922211968788e-5
426.0	1.1937555320216258e-5	-5.7937817625018076e-5	1.5914018370653886e-5	-6.129085674660296e-5	1.1113437584557868e-5	-5.66736447452288e-5
428.0	-1.6411053911041073e-5	-5.057196390172268e-5	-1.3991645800379272e-5	-5.25927794546865e-5	-1.679776156056209e-5	-4.962919655348844e-5
430.0	-3.407351014006343e-5	-3.23953904784324e-5	-3.2121912140728406e-5	-3.246270966403071e-5	-3.4278983863865906e-5	-3.197202414953049e-5
432.0	-3.856230102102041e-5	-1.14495221410018e-5	-3.586898998120766e-5	-9.603378513941611e-6	-3.8926491024355615e-5	-1.1513019604537892e-5
434.0	-3.212534462887116e-5	4.945493733617746e-6	-2.7727786320092325e-5	8.035225870726931e-6	-3.291202230638547e-5	4.646040227448613e-6
436.0	-2.027945784037847e-5	1.2532426490633442e-5	-1.375565932200778e-5	1.577822122273425e-5	-2.1559117211156567e-5	1.2355168005970463e-5
438.0	-9.399233422012018e-6	1.1163597172181538e-5	-1.0090958378254834e-6	1.3397058153679862e-5	-1.1027770833818037e-5	1.141909413954962e-5
440.0	-4.25582510416551e-6	4.3057167972219785e-6	5.114898623210281e-6	4.649381467163817e-6	-5.952459846021619e-6	5.132031706173449e-6
442.0	-6.359065434262885e-6	-2.7085847855165478e-6	2.7310410837624248e-6	-4.541163390960654e-6	-7.838703155501744e-6	-1.3859916303627853e-6
444.0	-1.3630753868940665e-5	-4.984011088237031e-6	-6.07258416738822e-6	-8.557983639079213e-6	-1.4723186428823127e-5	-3.3973075861714215e-6
446.0	-2.1449315526345893e-5	-6.91524264905443e-8	-1.6253402713875768e-5	-4.325515523099638e-6	-2.2150320613314838e-5	1.505770724505058e-6
448.0	-2.462811067939426e-5	1.104133440639607e-5	-2.189935572017531e-5	7.471180665552476e-6	-2.5066855821549394e-5	1.2397048188455708e-5
450.0	-1.9582258410399195e-5	2.4238072709597905e-5	-1.8615795102566686e-5	2.25867764612347e-5	-1.993324102156598e-5	2.5293867384650507e-5
452.0	-5.897899046726514e-6	3.381580114605306e-5	-5.364324984868189e-6	3.4747108804432055e-5	-6.290712860690596e-6	3.4604303997232406e-5
454.0	1.3254520110091553e-5	3.462559890438474e-5	1.4896643602624352e-5	3.796884281495277e-5	1.2779930053593336e-5	3.523024196980412e-5
456.0	3.201249829621938e-5	2.409888190016758e-5	3.600640159185906e-5	2.8859035746523416e-5	3.148846647516713e-5	2.4588399323600973e-5
458.0	4.3721679178572036e-5	3.4351265816717337e-6	5.058048379717445e-5	8.093037205960831e-6	4.319430800192391e-5	3.836481218933758e-6
460.0	4.320918135010286e-5	-2.246786275169615e-5	5.252091819417772e-5	-1.9457893235356605e-5	4.2682275672968776e-5	-2.214550608771107e-5
462.0	2.8673291771223862e-5	-4.6343920141695415e-5	3.9221286751765077e-5	-4.603088990418207e-5	2.8093735888778665e-5	-4.6056489219975e-5
464.0	2.5575881427395583e-6	-6.0740129179839085e-5	1.2720150607426578e-5	-6.331542218764595e-5	1.8529908888202386e-6	-6.036972952846344e-5
466.0	-2.8898269925890247e-5	-6.0366850260805e-5	-2.0609274853876585e-5	-6.509765542839354e-5	-2.9753498313905572e-5	-5.973260437480584e-5
468.0	-5.7322221411355854e-5	-4.387645463158173e-5	-5.177630318269211e-5	-4.9357433834236115e-5	-5.8256676444678306e-5	-4.280127709410334e-5
470.0	-7.460047736635009e-5	-1.4504258044156496e-5	-7.178748459114581e-5	-1.9133676416572752e-5	-7.544958193002796e-5	-1.2907858346542423e-5
472.0	-7.5281073301989e-5	2.0649797043076056e-5	-7.435806761535892e-5	1.8143693762788553e-5	-7.585303142702647e-5	2.2682346632505198e-5
474.0	-5.826666880313268e-5	5.2510017964057146e-5	-5.7880799380835555e-5	5.267856584538846e-5	-5.844151742302047e-5	5.472774473153126e-5
476.0	-2.728026388138029e-5	7.254335924657804e-5	-2.6037542177671846e-5	7.509029962166078e-5	-2.7089984999208633e-5	7.460780891436077e-5
478.0	1.0051771752706404e-5	7.51752643856874e-5	1.314491780359011e-5	7.911705452068062e-5	1.0409011466578722e-5	7.678746209333344e-5
480.0	4.4247851070788806e-5	5.939646181176118e-5	4.951825771051002e-5	6.343004005245142e-5	4.447443025524469e-5	6.041436720669829e-5
482.0	6.656534449178949e-5	2.9088533152144886e-5	7.365242463949739e-5	3.2021492551646405e-5	6.638475473709137e-5	2.9578632008118786e-5
484.0	7.139389695017625e-5	-8.029654301112044e-6	7.945025045432496e-5	-6.936290312968442e-6	7.066805111557845e-5	-7.831812457157235e-6
486.0	5.7759787217547924e-5	-4.252861881182393e-5	6.577537472794639e-5	-4.3404707886958855e-5	5.6544975847822754e-5	-4.2329198122781006e-5
488.0	2.9516127716605378e-5	-6.58486536779595e-5	3.664121421245257e-5	-6.826761307539846e-5	2.8029022709207208e-5	-6.542257624771309e-5
490.0	-5.817209726577251e-6	-7.258638247588853e-5	-5.305408934658664e-8	-7.577475271029093e-5	-7.3069391407821184e-6	-7.185851419388672e-5
492.0	-3.9202214479232485e-5	-6.183647432946349e-5	-3.4823828853836255e-5	-6.494775837656536e-5	-4.0498751549330206e-5	-6.087982201096663e-5
494.0	-6.257325107453379e-5	-3.722945997713754e-5	-5.923593339761681e-5	-3.9588614688507425e-5	-6.363720947457224e-5	-3.6187218466074425e-5
496.0	-7.093845944817274e-5	-5.703186180011022e-6	-6.809445048128407e-5	-6.958057753473877e-6	-7.188460868426024e-5	-4.68124910479569e-6
498.0	-6.350196913693164e-5	2.4577834021459756e-5	-6.05916344857302e-5	2.4419964425464085e-5	-6.451577205776864e-5	2.5586677314472028e-5
500.0	-4.3535614753455805e-5	4.650245097759382e-5	-4.0147524717023304e-5	4.7139205831529444e-5	-4.475453965606886e-5	4.761962005679395e-5
