# time	pop_1	pop_2	total	norm_ket	norm_bra	max_abs_ket	max_abs_bra
0.0	1.0	0.0	1.0	1.0	1.0	1.0	1.0
2.5	0.9999113017664165	8.869823358400392e-5	1.0000000000000004	1.000006884989012	0.999998439736349	0.999909578262455	0.999909578262455
5.0	0.9996452712210283	0.0003547287789727712	1.000000000000001	1.0000275269593542	0.999993916658285	0.999638341433892	0.999638341433892
7.5	0.9992021007569248	0.0007978992430757203	1.0000000000000007	1.000061886931946	0.9999869037252611	0.9991863746496681	0.9991863746496681
10.0	0.9985821107860652	0.0014178892139351529	1.0000000000000004	1.000109899978318	0.9999781886075971	0.998553819745856	0.998553819745856
12.5	0.9977857493749639	0.0022142506250362438	1.0000000000000002	1.0001714752755715	0.9999688728001458	0.9977408751750237	0.9977408751750237
15.0	0.9968135917356171	0.003186408264382618	0.9999999999999998	1.0002464961832718	0.9999603703950449	0.9967477958884433	0.9967477958884433
17.5	0.995666339572617	0.004333660427382527	0.9999999999999994	1.0003348203422056	0.9999544065271496	0.9955748931848557	0.9955748931848557
20.0	0.9943448202876776	0.005655179712322462	1.0	1.0004362797949338	0.9999530155095621	0.9942225345259421	0.9942225345259421
22.5	0.9928499860430589	0.0071500139569406805	0.9999999999999996	1.0005506811280462	0.9999585386804892	0.9926911433186941	0.9926911433186941
25.0	0.9911829126856475	0.008817087314352911	1.0000000000000004	1.0006778056360144	0.9999736219864093	0.9909811986649033	0.9909811986649033
27.5	0.9893447985336723	0.010655201466327353	0.9999999999999997	1.0008174095065194	1.0000012133302507	0.9890932350780275	0.9890932350780275
30.0	0.9873369630283411	0.012663036971656973	0.999999999999998	1.0009692240271195	1.0000445597169454	0.9870278421677227	0.9870278421677227
32.5	0.9851608452528653	0.014839154747134079	0.9999999999999993	1.0011329558131097	1.0001072042323351	0.9847856642923626	0.9847856642923626
35.0	0.9828180023216019	0.017181997678397107	0.999999999999999	1.0013082870564096	1.0001929828949672	0.9823674001799	0.9823674001799
37.5	0.980310107642307	0.01968989235769138	0.9999999999999983	1.0014948757952997	1.0003060214238	0.9797738025174538	0.9797738025174538
40.0	0.9776389490546336	0.02236105094536596	0.9999999999999996	1.0016923562048299	1.0004507319683105	0.9770056775100411	0.9770056775100411
42.5	0.9748064268482786	0.02519357315171988	0.9999999999999984	1.0019003389076897	1.0006318098508504	0.974063884408898	0.974063884408898
45.0	0.9718145516643898	0.028185448335608744	0.9999999999999986	1.0021184113053394	1.000854230374466	0.9709493350098685	0.9709493350098685
47.5	0.9686654422839661	0.03133455771603352	0.9999999999999997	1.0023461379291805	1.0011232457526678	0.9676629931223657	0.9676629931223657
50.0	0.9653613233072462	0.03463867669275178	0.999999999999998	1.0025830608115407	1.0014443822208898	0.9642058740094389	0.9642058740094389
52.5	0.9619045227282123	0.03809547727178517	0.9999999999999974	1.0028286998762361	1.0018234373926167	0.9605790437995095	0.9605790437995095
55.0	0.9582974694084614	0.0417025305915354	0.9999999999999968	1.0030825533484728	1.0022664779263026	0.9567836188703629	0.9567836188703629
57.5	0.9545426904549172	0.04545730954508094	0.9999999999999982	1.0033440981838337	1.0027798375724533	0.9528207652060119	0.9528207652060119
60.0	0.9506428085059105	0.04935719149408585	0.9999999999999964	1.003612790516104	1.003370115673361	0.9486916977270672	0.9486916977270672
62.5	0.9466005389303591	0.053399461069636805	0.9999999999999959	1.0038880661236709	1.0040441761912182	0.9443976795952833	0.9443976795952833
65.0	0.9424186869447864	0.057581313055210845	0.9999999999999972	1.004169340914238	1.0048091473435368	0.9399400214929615	0.9399400214929615
67.5	0.9381001446531132	0.06189985534688349	0.9999999999999967	1.0044560114275884	1.005672421928082	0.9353200808779197	0.9353200808779197
70.0	0.9336478880141931	0.06635211198580113	0.9999999999999942	1.0047474553561266	1.0066416584228608	0.9305392612147614	0.9305392612147614
72.5	0.929064973742125	0.07093502625787051	0.9999999999999956	1.0050430320829327	1.0077247829501248	0.9255990111831889	0.9255990111831889
75.0	0.924354536144433	0.07564546385556235	0.9999999999999953	1.0053420832370454	1.0089299921968873	0.9205008238641305	0.9205008238641305
77.5	0.9195197839033163	0.0804802160966787	0.999999999999995	1.0056439332657177	1.0102657573881297	0.9152462359044725	0.9152462359044725
80.0	0.9145639968050897	0.08543600319490458	0.9999999999999942	1.0059478900233534	1.0117408294126833	0.9098368266611935	0.9098368266611935
82.5	0.9094905224230512	0.09050947757694328	0.9999999999999944	1.0062532453768633	1.0133642452058458	0.9042742173257243	0.9042742173257242
85.0	0.9043027727589753	0.09569722724102017	0.9999999999999954	1.0065592758271538	1.0151453354970015	0.8985600700293644	0.8985600700293643
87.5	0.8990042208484272	0.10099577915156704	0.9999999999999942	1.0068652431464828	1.0170937340350947	0.8926960869306049	0.8926960869306048
90.0	0.8935983973351082	0.10640160266488617	0.9999999999999943	1.007170395031403	1.0192193884096015	0.8866840092852154	0.8866840092852154
92.5	0.888088887019343	0.11191111298065091	0.9999999999999939	1.0074739657710157	1.0215325725898714	0.8805256164999682	0.8805256164999682
95.0	0.8824793253858751	0.11752067461411947	0.9999999999999947	1.0077751769302645	1.024043901311286	0.874222725170878	0.874222725170878
97.5	0.876773395115988	0.1232266048840073	0.9999999999999952	1.0080732380479873	1.0267643464427654	0.8677771881068466	0.8677771881068466
100.0	0.870974822588986	0.12902517741100938	0.9999999999999953	1.008367347349452	1.0297052554767177	0.8611908933396137	0.8611908933396137
102.5	0.8650873743779387	0.13491262562205594	0.9999999999999947	1.0086566924730997	1.0328783722897352	0.8544657631209136	0.8544657631209136
105.0	0.8591148537445427	0.14088514625545048	0.9999999999999931	1.0089404512112166	1.0362958603301593	0.8476037529077469	0.8476037529077469
107.5	0.8530610971378433	0.1469389028621474	0.9999999999999907	1.009217792264246	1.0399703283972697	0.8406068503366846	0.8406068503366846
110.0	0.8469299707014774	0.1530700292985152	0.9999999999999926	1.0094878760084676	1.043914859186292	0.8334770741881161	0.8334770741881161
112.5	0.8407253667939372	0.15927463320605553	0.9999999999999927	1.0097498552767457	1.048143040783816	0.82621647334136	0.82621647334136
115.0	0.8344512005263383	0.16554879947365347	0.9999999999999918	1.0100028761520596	1.0526690013097058	0.8188271257215608	0.8188271257215608
117.5	0.8281114063219206	0.17188859367806936	0.99999999999999	1.010246078773518	1.0575074469142267	0.8113111372392813	0.8113111372392814
120.0	0.8217099345014757	0.17829006549851503	0.9999999999999907	1.0104785981545548	1.062673703353125	0.803670640723718	0.8036706407237181
122.5	0.8152507478986954	0.18474925210129692	0.9999999999999923	1.0106995650129902	1.0681837613788547	0.7959077948504419	0.795907794850442
125.0	0.8087378185093465	0.19126218149064467	0.9999999999999911	1.0109081066126475	1.0740543262033253	0.7880247830645858	0.7880247830645859
127.5	0.8021751241779776	0.1978248758220127	0.9999999999999903	1.011103347616183	1.0803028713064604	0.780023812500375	0.7800238125003751
130.0	0.7955666453257068	0.20443335467428156	0.9999999999999883	1.0112844109488046	1.086947696885967	0.7719071128979078	0.7719071128979079
132.5	0.7889163617225349	0.21108363827745558	0.9999999999999905	1.0114504186725144	1.0940079932669449	0.7636769355180724	0.7636769355180725
135.0	0.7822282493073848	0.21777175069260432	0.9999999999999891	1.0116004928705165	1.101503909615853	0.7553355520564875	0.7553355520564876
137.5	0.7755062770590031	0.2244937229409871	0.9999999999999902	1.01173375654141	1.1094566283319576	0.7468852535573488	0.7468852535573489
140.0	0.7687544039205605	0.23124559607943115	0.9999999999999917	1.0118493345027684	1.1178884455211084	0.7383283493280344	0.7383283493280345
142.5	0.7619765757807501	0.23802342421923992	0.99999999999999	1.01194635430369	1.126822857991877	0.7296671658553395	0.7296671658553396
145.0	0.7551767225139354	0.24482327748605331	0.9999999999999887	1.012023947145892	1.1362846572529937	0.7209040457241729	0.720904045724173
147.5	0.7483587550817106	0.25164124491827805	0.9999999999999887	1.0120812488128925	1.1463000310341993	0.7120413465395597	0.7120413465395599
150.0	0.7415265626981277	0.2584734373018605	0.9999999999999882	1.0121174006067966	1.1568966729003096	0.7030814398527542	0.7030814398527543
152.5	0.7346840100606494	0.2653159899393392	0.9999999999999887	1.012131550292201	1.168103900581149	0.6940267100922844	0.6940267100922846
155.0	0.7278349346486622	0.27216506535132334	0.9999999999999856	1.012122853046684	1.1799527836983639	0.6848795535007075	0.6848795535007076
157.5	0.7209831440912975	0.27901685590868597	0.9999999999999835	1.012090472417333	1.192476281634652	0.6756423770778582	0.6756423770778583
160.0	0.7141324136060798	0.28586758639390697	0.9999999999999868	1.0120335812827317	1.2057093923621387	0.6663175975313539	0.666317597531354
162.5	0.7072864835097493	0.29271351649023714	0.9999999999999865	1.011951362819802	1.2196893131251316	0.6569076402350913	0.6569076402350914
165.0	0.700449056802547	0.2995509431974378	0.9999999999999848	1.011843011474853	1.2344556139589569	0.6474149381964713	0.6474149381964714
167.5	0.6936237968269154	0.3063762031730683	0.9999999999999838	1.0117077339381872	1.250050425121633	0.6378419310330684	0.6378419310330685
170.0	0.6868143250015493	0.313185674998438	0.9999999999999873	1.0115447501215424	1.266518639619488	0.628191063959422	0.6281910639594221
172.5	0.6800242186315196	0.31997578136847077	0.9999999999999905	1.0113532941376397	1.2839081321221293	0.6184647867846491	0.6184647867846492
175.0	0.6732570087950849	0.32674299120490224	0.9999999999999871	1.0111326152810773	1.3022699956870558	0.608665552921525	0.6086655529215251
177.5	0.6665161783075894	0.33348382169239627	0.9999999999999856	1.0108819790097412	1.3216587978502665	0.598795818407679	0.5987958184076791
180.0	0.6598051597627586	0.3401948402372255	0.999999999999984	1.0106006679259087	1.3421328577869414	0.5888580409395382	0.5888580409395383
182.5	0.6531273336515544	0.3468726663484335	0.9999999999999879	1.0102879827561526	1.3637545464060585	0.5835900091042395	0.5835900091042396
185.0	0.6464860265586126	0.35351397344137336	0.999999999999986	1.009943243329122	1.3865906114147744	0.5888525639951191	0.5888525639951192
187.5	0.6398845094362199	0.36011549056376696	0.9999999999999869	1.0095657895502514	1.4107125295725855	0.5940127072512678	0.5940127072512679
190.0	0.6333259959555092	0.366674004044483	0.9999999999999922	1.0091549823723889	1.4361968885511978	0.5990696237883112	0.5990696237883113
192.5	0.6268136409346312	0.3731863590653576	0.9999999999999888	1.008710204761299	1.4631258010230623	0.6040225176560853	0.6040225176560854
195.0	0.6203505388434533	0.37964946115653353	0.9999999999999868	1.0082308626549799	1.4915873538183129	0.6088706120956936	0.6088706120956937
197.5	0.6139397223841663	0.3860602776158242	0.9999999999999905	1.0077163859156488	1.5216760952146846	0.6136131495928269	0.613613149592827
200.0	0.6075841611472356	0.392415838852759	0.9999999999999946	1.0071662292732517	1.5534935636554021	0.6182493919274789	0.618249391927479
202.5	0.6012867603419438	0.398713239658046	0.9999999999999898	1.0065798732592899	1.587148861422864	0.6227786202201989	0.622778620220199
205.0	0.595050359600699	0.40494964039929027	0.9999999999999892	1.0059568251297177	1.6227592770271935	0.627200134975016	0.6288450052393699
207.5	0.5888777318561593	0.41112226814382624	0.9999999999999856	1.005296619775637	1.660450960293562	0.6315132561191767	0.6368060992664577
210.0	0.5827715822903107	0.4172284177096808	0.9999999999999915	1.0045988206204564	1.7003596543447785	0.635717323039829	0.6445940733017861
212.5	0.5767345473543067	0.4232654526456877	0.9999999999999944	1.0038630205021666	1.7426314888693961	0.639811694617798	0.65220433503473
215.0	0.5707691938581201	0.4292308061418707	0.9999999999999908	1.0030888425393278	1.787423839232883	0.6437957492585853	0.6596324564718257
217.5	0.5648780181287453	0.4351219818712443	0.9999999999999896	1.002275940979332	1.834906256122039	0.6476688849207323	0.6668741759204819
220.0	0.559063445235732	0.4409365547642591	0.9999999999999911	1.00142400202748	1.8852614705018735	0.6514305191416829	0.6739253997867921
222.5	0.5533278282828507	0.44667217171714346	0.9999999999999941	1.0005327446553571	1.9386864787004452	0.6550800890612808	0.6807822041882513
225.0	0.547673447764551	0.45232655223543883	0.9999999999999898	0.9996019213869821	1.9953937124114731	0.6586170514430338	0.6874408363824122
227.5	0.5421025109859174	0.4578974890140786	0.999999999999996	0.998631319061149	2.0556122983080556	0.6620408826932809	0.6938977160127222
230.0	0.536617151544662	0.46338284845533295	0.999999999999995	0.9976207595683799	2.1195894117856713	0.6653510788783882	0.7001494361730071
232.5	0.5312194288739215	0.4687805711260727	0.9999999999999942	0.9965701005608525	2.187591729092333	0.6685471557401048	0.7061927642922607
235.0	0.5259113278442986	0.47408867215569594	0.9999999999999946	0.995479236133659	2.2599069817538004	0.6716286487092037	0.7120246428416146
237.5	0.5206947584238184	0.4793052415761776	0.999999999999996	0.9943480974757228	2.3368456167603346	0.674595112917528	0.7176421898655337
240.0	0.515571555394343	0.4844284446056528	0.9999999999999958	0.9931766534886867	2.4187425654498926	0.6774461232085682	0.7230426993394977
242.5	0.5105434781229887	0.48945652187700583	0.9999999999999946	0.9919649113720607	2.5059591234057836	0.6801812741466849	0.7282236413565801
245.0	0.5056122103871183	0.49438778961287566	0.999999999999994	0.9907129171729055	2.5988849429935628	0.6828001800250902	0.7331826621455293
247.5	0.5007793602514761	0.499220639748524	1.0	0.9894207562983275	2.697940139405202	0.6853024748727011	0.7379175839231084
250.0	0.4960464599959833	0.5039535400040072	0.9999999999999905	0.9880885539890331	2.803577510275168	0.68768781245997	0.7424264045836158
252.5	0.49141496609287455	0.508585033907115	0.9999999999999896	0.9867164757522099	2.916284868103264	0.6899558663037979	0.7467072972286535
255.0	0.48688625923160744	0.5131137407683856	0.999999999999993	0.9853047277519797	3.036587483885917	0.6921063296716257	0.750758609540356
257.5	0.4824616443902672	0.5175383556097289	0.9999999999999961	0.9838535571556958	3.1650506395456643	0.6941389155848041	0.7545788630014221
260.0	0.47814235095204866	0.5218576490479394	0.999999999999988	0.9823632524343343	3.3022822859828094	0.696053356821329	0.7581667519654266
262.5	0.47392953286544454	0.5260704671345541	0.9999999999999987	0.9808341436152789	3.44893580287716	0.6978494059180285	0.7703548228645278
265.0	0.469824268846771	0.5301757311532233	0.9999999999999942	0.979266602485781	3.6057128557621243	0.6995268351722861	0.7857597969064203
267.5	0.4658275626237987	0.5341724373761958	0.9999999999999944	0.9776610427454224	3.7733663453942166	0.7010854366433752	0.8077738749164803
270.0	0.46194034321910815	0.5380596567808844	0.9999999999999926	0.9760179201059205	3.952703444058409	0.7025250221534745	0.8397316631869786
272.5	0.4581634652719686	0.5418365347280246	0.9999999999999932	0.9743377323366588	4.144588713186503	0.7038454232884344	0.8723881537584017
275.0	0.4544977093974927	0.5455022906025064	0.9999999999999991	0.9726210192543518	4.3499472965171675	0.7050464913983551	0.9057360166893379
277.5	0.45094378258185314	0.5490562174181451	0.9999999999999982	0.9708683626553071	4.569768182979801	0.7061280975980283	0.9397670244742731
280.0	0.447502318612423	0.552497681387575	0.999999999999998	0.9690803861887866	4.805107533520259	0.7070901327673002	0.9744720534963538
282.5	0.4441738785416614	0.5558261214583328	0.9999999999999942	0.9672577551700329	5.057092066178835	0.7079325075513934	1.0098410870694319
285.0	0.440958951183716	0.5590410488162794	0.9999999999999953	0.9654011763315816	5.326922493849853	0.7086551523612334	1.045863220064431
287.5	0.43785795364257657	0.5621420463574207	0.9999999999999973	0.9635113975115458	5.6158770092653745	0.7092580173738082	1.0825266651114647
290.0	0.43487123187083504	0.5651287681291575	0.9999999999999925	0.9615892072776429	5.925314811820866	0.7097410725325886	1.1198187603655805
292.5	0.43199906125800996	0.5680009387419885	0.9999999999999984	0.9596354344858087	6.256679670868362	0.7101043075480362	1.1577259788205243
295.0	0.4292416472474899	0.5707583527525059	0.9999999999999958	0.9576509477723273	6.611503520017351	0.7103477318982123	1.1962339391514865
297.5	0.4265991259811521	0.5734008740188481	1.0000000000000002	0.9556366549785115	6.991410076785996	0.7104713748294906	1.2353274180644707
300.0	0.4240715649707735	0.5759284350292282	1.0000000000000018	0.9535935025070561	7.398118481623173	0.7104752853573892	1.2749903641266642
302.5	0.42165896379538537	0.5783410362046141	0.9999999999999994	0.9515224746093208	7.833446949870569	0.7103595322675123	1.3152059130490499
305.0	0.41936125482371855	0.5806387451762808	0.9999999999999993	0.9494245926028818	8.299316429656654	0.7101242041165912	1.3559564043894463
307.5	0.4171783039609644	0.5828216960390267	0.9999999999999911	0.947300914018851	8.79775425802049	0.709769409233617	1.4354430066663426
310.0	0.415109911419105	0.5848900885808929	0.9999999999999979	0.9451525316785758	9.330897806768531	0.7092952757210396	1.5242944891350967
312.5	0.41315581251003763	0.5868441874899631	1.0000000000000009	0.9429805726994773	9.900998108691669	0.7087019514560052	1.6173567415581596
315.0	0.41131567846083666	0.5886843215391601	0.9999999999999967	0.94078619742993	10.510423453835402	0.7079896040916025	1.7147521515322377
317.5	0.4095891172504763	0.5904108827495169	0.9999999999999932	0.9385705983132571	11.16166294454731	0.7071584210580772	1.8166026796979915
320.0	0.40797567446734323	0.5920243255326565	0.9999999999999998	0.93633499868106	11.857329997046756	0.7062086095639699	1.9230296422721693
322.5	0.40647483418694	0.5935251658130627	1.0000000000000027	0.934080651476289	12.600165776294796	0.7051403965971239	2.034153488808237
325.0	0.40508601986922704	0.5949139801307785	1.0000000000000056	0.9318088379066374	13.393042550008044	0.7039540289255144	2.150093575637482
327.5	0.40380859527495616	0.5961914047250414	0.9999999999999976	0.9295208660290211	14.238966946776943	0.7026497730978223	2.2709679354637338
330.0	0.402641865400531	0.597358134599467	0.999999999999998	0.9272180692661163	15.141083102430946	0.7012279154436983	2.396893043604733
332.5	0.40158507743081734	0.5984149225691845	1.0000000000000018	0.9249018048561176	16.102675678052606	0.6996887620736342	2.5279835813917537
335.0	0.40063742170944205	0.5993625782905588	1.0000000000000009	0.9225734522370895	17.12717273238818	0.6980326388783653	2.6643521972562874
337.5	0.3997980327260526	0.6002019672739478	1.0000000000000004	0.9202344113675017	18.218148430840056	0.6962598915277156	2.8513676394141383
340.0	0.3990659901201293	0.6009340098798711	1.0000000000000004	0.917886100984766	19.379325572760173	0.6943708854688005	3.0790647483751474
342.5	0.3984403197008323	0.6015596802991663	0.9999999999999987	0.915529956803794	20.614577918395046	0.6923660059234832	3.321899115330925
345.0	0.39791999448250154	0.6020800055174965	0.999999999999998	0.9131674296578633	21.927932296562965	0.6902456578849934	3.580643076195301
347.5	0.3975039357353431	0.602496064264653	0.999999999999996	0.9107999835842734	23.32357047397128	0.6880102661135925	3.8560926917350016
350.0	0.3971910140509164	0.6028089859490772	0.9999999999999936	0.9084290938575459	24.80583076700514	0.6856602751311809	4.149067540454293
352.5	0.3969800504220042	0.6030199495779919	0.999999999999996	0.9060562449731352	26.37920937683676	0.6831961492147307	4.460410448641958
355.0	0.39686981733646226	0.6031301826635359	0.9999999999999982	0.9036829285848749	28.048361428814182	0.6806183723884213	4.790987155810714
357.5	0.3968590398846622	0.6031409601153362	0.9999999999999984	0.9013106413996167	29.818101697288125	0.6779274484143558	5.141685913902198
360.0	0.3969463968801537	0.6030536031198446	0.9999999999999982	0.8989408830327644	31.69340499732312	0.6751239007817331	5.5267422490370555
362.5	0.39713052199313004	0.6028694780068702	1.0000000000000002	0.896575153828632	33.67940622511255	0.6722082726943303	5.986524610988002
365.0	0.39741000489635625	0.6025899951036453	1.0000000000000016	0.8942149526498053	35.78140002937433	0.6691811270561777	6.478385158363406
367.5	0.39778339242312966	0.6022166075768712	1.0000000000000009	0.8918617746399047	38.00484009654367	0.6660430464552706	7.0040599007180795
370.0	0.3982491897369446	0.6017508102630614	1.000000000000006	0.8895171089643633	40.355338033199146	0.6627946331451838	7.56534281109547
372.5	0.3988058615124228	0.6011941384875767	0.9999999999999996	0.8871824365340676	42.838661829857635	0.6594365090244393	8.164085439723847
375.0	0.3994518331271824	0.600548166872819	1.0000000000000013	0.8848592277168913	45.460733891049756	0.6559693156134793	8.802196358722242
377.5	0.40018549186417385	0.5998145081358218	0.9999999999999957	0.8825489400423612	48.22762861744009	0.6523937140290885	9.48164043187332
380.0	0.4010051881241737	0.5989948118758283	1.000000000000002	0.8802530159048658	51.14556952668278	0.6487103849561192	10.204437903923742
382.5	0.40190923664795053	0.5980907633520511	1.0000000000000018	0.8779728802709853	54.22092590070183	0.6449200286163554	10.972663304312894
385.0	0.4028959177477517	0.5971040822522468	0.9999999999999984	0.8757099383966696	57.46020894815465	0.6410233647343606	11.788444160707035
387.5	0.4039634785476591	0.596036521452341	1.0	0.8734655735601211	60.87006747197453	0.6370211325001488	12.653959518226857
390.0	0.40511013423238224	0.594889865767619	1.0000000000000013	0.8712411448163488	64.45728303309083	0.6329140905285183	13.571438260800464
392.5	0.4063340693040541	0.5936659306959416	0.9999999999999958	0.8690379847794486	68.22876460269123	0.628703016814881	14.543157231648973
395.0	0.40763343884659875	0.5923665611534032	1.000000000000002	0.8668573974387275	72.19154269671631	0.6243887086874308	15.571439150516941
397.5	0.4090063697971469	0.5909936302028536	1.0000000000000004	0.864700656014839	76.35276298765932	0.6199719827554798	16.65865032589196
400.0	0.41045096222409966	0.5895490377758992	0.9999999999999989	0.8625690008620948	80.71967939017904	0.6154536748538015	17.807198161114794
402.5	0.4119652906112943	0.5880347093887082	1.0000000000000024	0.8604636374231157	85.2996466185187	0.6108346399828155	19.01952845396115
405.0	0.4135474051477853	0.5864525948522131	0.9999999999999984	0.8583857342419449	90.10011221525333	0.606115752244449	20.298122489975558
407.5	0.41519533302273637	0.584804666977265	1.0000000000000013	0.8563364210416596	95.12860805245845	0.6012979047735105	21.6474566069042
410.0	0.4169070797248882	0.583092920275114	1.0000000000000022	0.8543167868724323	100.3927413079988	0.5963820096644142	23.09562481267552
412.5	0.418680630346022	0.5813193696539781	1.0	0.8523278783358473	105.90018492127375	0.5913689978930892	24.62119021986215
415.0	0.4205139508879413	0.5794860491120627	1.000000000000004	0.8503706978911117	111.6586675344182	0.5862598192339182	26.226969318447377
417.5	0.42240498957228917	0.5775950104277117	1.0000000000000009	0.8484462022486216	117.67596292664236	0.5810554421715405	27.915801772751266
420.0	0.4243516781527245	0.5756483218472702	0.9999999999999947	0.8465553008560862	123.95987895109202	0.5757568538073649	29.69054580520289
422.5	0.4263519332287538	0.5736480667712457	0.9999999999999996	0.8446988544821862	130.51824598531906	0.5703650597606397	31.554073342649005
425.0	0.4284036575606762	0.5715963424393228	0.999999999999999	0.8428776739024295	137.35890490816388	0.5648810840639226	33.509264930826035
427.5	0.4305047413849849	0.5694952586150216	1.0000000000000064	0.8410925186915582	144.48969461756153	0.5593059690528026	35.55900442357572
430.0	0.43265306372953793	0.5673469362704647	1.0000000000000027	0.8393440961265214	151.91843910548366	0.5536407752497298	37.70617345433679
432.5	0.43484649372793377	0.5651535062720645	0.9999999999999982	0.8376330602036441	159.65293410791688	0.5478865812418043	39.95364569838838
435.0	0.4370828919323223	0.5629171080676749	0.9999999999999972	0.8359600107732303	167.70093334944545	0.542044483552391	42.304280935253644
437.5	0.43936011162402294	0.560639888375975	0.999999999999998	0.8343254927944264	176.0701344036464	0.5361155965064194	44.76091892158679
440.0	0.44167600012123814	0.5583239998787582	0.9999999999999964	0.8327299957127179	184.76816419211636	0.5301010520892391	47.32637308576318
442.5	0.44402840008316036	0.5559715999168434	1.0000000000000038	0.8311739529619884	193.8025641465194	0.5240019997989058	50.00342405626031
445.0	0.4464151508097328	0.5535848491902758	1.0000000000000087	0.8296577415925914	203.18077505957356	0.5178196064917715	52.79481303675909
447.5	0.44883408953636467	0.5511659104636378	1.0000000000000024	0.8281816820264053	212.91012165237365	0.511555056221268	55.703235041700005
450.0	0.45128305272285263	0.5487169472771487	1.0000000000000013	0.8267460379393473	222.99779688686908	0.5052095500697645	58.73133200679829
452.5	0.45375987733573386	0.5462401226642656	0.9999999999999994	0.8253510162713289	233.4508460536825	0.49878430597340184	61.881685789747685
455.0	0.45626240212336644	0.5437375978766313	0.9999999999999978	0.8239967673631321	244.27615066675034	0.49228055853979474	65.15681107702389
457.5	0.4587884688829396	0.5412115311170641	1.0000000000000038	0.8226833852191959	255.48041219749595	0.4856995588585177	68.5591482133292
460.0	0.46133592371864585	0.5386640762813518	0.9999999999999977	0.8214109078947966	267.0701356823982	0.47904257430427705	72.09105597079895
462.5	0.4639026182902889	0.5360973817097144	1.0000000000000033	0.8201793180056332	279.05161323889064	0.47231088833269735	75.7548042756124
465.0	0.4664864110514897	0.5335135889485124	1.0000000000000022	0.8189885433573523	291.43090752551586	0.4669279457632862	79.5525669101139
467.5	0.46908516847675735	0.530914831523245	1.0000000000000024	0.8178384576920857	304.2138351831588	0.4722709419970598	83.48641420895268
470.0	0.47169676627664386	0.5283032337233552	0.9999999999999991	0.8167288815486344	317.4059502949925	0.4775144155647814	87.55830576808634
472.5	0.4743190906001861	0.5256809093998144	1.0000000000000004	0.8156595832325182	331.0125279034817	0.48265812843917527	91.77008318576635
475.0	0.47695003922386964	0.5230499607761336	1.0000000000000033	0.8146302798917061	345.03854762340336	0.48770185840090247	96.12346285482631
477.5	0.47958752272634897	0.5204124772736514	1.0000000000000004	0.8136406386934809	359.4886773903553	0.4926453988824918	100.62002882572997
480.0	0.48222946564814145	0.5177705343518629	1.0000000000000044	0.8126902780975392	374.3672573846333	0.49748855881492016	105.26122575989993
482.5	0.4848738076355226	0.5151261923644793	1.000000000000002	0.8117787692201304	389.67828417065687	0.5022311624768215	110.04835199284206
485.0	0.4875185045679042	0.5124814954320982	1.0000000000000024	0.8109056372837468	405.42539509231483	0.5068730493462961	114.98255272650228
487.5	0.49016152966787946	0.5098384703321197	0.9999999999999991	0.8100703631466358	421.61185296468847	0.51141407395529	120.06481337014526
490.0	0.4928008745932672	0.507199125406741	1.0000000000000082	0.8092723849061954	438.24053110257455	0.5158541057465162	125.29595304882262
492.5	0.495434550510341	0.5045654494896618	1.0000000000000027	0.8085110995701361	455.3138987260948	0.5201930289328794	130.67661829820963
495.0	0.4980605891476123	0.5019394108523867	0.999999999999999	0.8077858647891495	472.8340067834159	0.5244307423593704	136.20727696422915
497.5	0.5006770438293752	0.4993229561706225	0.9999999999999977	0.8070960006447248	490.80247423024167	0.5285671593673863	141.88821232545604
500.0	0.5032819904883907	0.49671800951161277	1.0000000000000036	0.8064407914856783	509.22047480525305	0.5326022076614373	147.71951745579972
502.5	0.5058735286569591	0.4941264713430468	1.000000000000006	0.805819487806932	528.0887243400751	0.5365358291781914	153.70108984440762
505.0	0.5084497824358024	0.49155021756420486	1.0000000000000073	0.8052313081640773	547.4074686416457	0.5403679799578051	159.83262628911274
507.5	0.5110089014400304	0.4889910985599719	1.0000000000000022	0.8046754411172905	567.1764719840362	0.5440986300174998	166.1136180790693
510.0	0.5135490617216415	0.4864509382783632	1.0000000000000047	0.8041510471982318	587.3950062458503	0.5477277632273144	172.54334648149072
512.5	0.5160684666678607	0.4839315333321464	1.000000000000007	0.8036572608936615	608.0618407282847	0.5512553771879888	179.12087854661212
515.0	0.518565347874826	0.4814346521251743	1.0000000000000002	0.8031931926396236	629.1752326877938	0.5546814831109115	185.84506324416884
517.5	0.5210379659960266	0.4789620340039795	1.0000000000000062	0.8027579308202057	650.7329186160517	0.558006105700078	192.71452794379755
520.0	0.5234846115648751	0.47651538843512664	1.0000000000000018	0.8023505437650551	672.7321062985586	0.5612292830359863	199.7276752508465
522.5	0.5259036057910821	0.47409639420892136	1.0000000000000036	0.8019700817400317	695.1694676817849	0.5643510664614115	206.88268020811637
525.0	0.528293301330099	0.47170669866990367	1.0000000000000027	0.8016155789256008	718.041132577213	0.567371520468988	214.1774878730644
527.5	0.5306520830254265	0.46934791697457734	1.000000000000004	0.8012860553778062	741.3426832289964	0.5702907225905308	221.6098112789763
530.0	0.5329783686231105	0.46702163137689645	1.000000000000007	0.8009805189669058	765.0691497702414	0.5731087632880248	229.17712978756757
532.5	0.5352706094582081	0.464729390541795	1.000000000000003	0.8006979672890451	789.2150065911047	0.5758257458462097	236.87668783940282
535.0	0.5375272911127296	0.4624727088872748	1.0000000000000044	0.8004373895465909	813.7741696400319	0.57844178626669	244.70549410744485
537.5	0.5397469340447233	0.46025306595528065	1.000000000000004	0.8001977683930606	838.7399946774892	0.5809570131634856	252.66032105794665
540.0	0.5419280941882282	0.4580719058117794	1.0000000000000075	0.7999780817388606	864.1052764995321	0.5833715676599602	260.737704921801
542.5	0.5440693635237347	0.4559306364762657	1.0000000000000004	0.7997773045143561	889.8622491464546	0.585685603287042	268.93394607836416
545.0	0.5461693706189789	0.4538306293810261	1.0000000000000049	0.7995944103870872	916.0025871096236	0.5878992858826655	277.24510985266676
547.5	0.5482267811397016	0.45177321886030236	1.000000000000004	0.7994283734302506	942.5174075474023	0.590012793492349	285.66702772584034
550.0	0.5502402983303396	0.44975970166966417	1.0000000000000038	0.7992781697398728	969.3972735188222	0.59202631627084	294.19529895750543
552.5	0.5522086634643756	0.44779133653563225	1.0000000000000078	0.7991427789983837	996.6321982413768	0.5939400563847437	302.8252926178079
555.0	0.5541306562641957	0.44586934373580955	1.0000000000000053	0.7990211859826096	1024.2116503769957	0.5957542279160577	311.5521500257449
557.5	0.5560050952904609	0.4439949047095394	1.0000000000000004	0.7989123820144705	1052.124560347905	0.5974690567665398	320.37078758941163
560.0	0.5578308383008017	0.44216916169920323	1.0000000000000049	0.7988153663529645	1080.3593276817219	0.5990847805628247	329.27590004280404
562.5	0.5596067825778365	0.44039321742216586	1.0000000000000022	0.7987291475262815	1108.903829382743	0.6006016485622182	338.2619640728581
565.0	0.5613318652265827	0.4386681347734203	1.000000000000003	0.7986527446031483	1137.7454293240019	0.6020199215590915	347.3232423294885
567.5	0.5630050634411392	0.43699493655886146	1.0000000000000007	0.7985851884027603	1166.8709886522836	0.6033398717917953	356.4537878104989
570.0	0.5646253947408572	0.4353746052591455	1.0000000000000027	0.7985255226428979	1196.2668771959031	0.6045617828500297	365.6474486123988
572.5	0.5661919171759271	0.43380808282407474	1.0000000000000018	0.7984728050260407	1225.9189858626883	0.6056859495825844	374.89787303736085
575.0	0.5677037295026647	0.43229627049733904	1.0000000000000038	0.7984261082635156	1255.8127400132641	0.6067126780053839	384.1985150458033
577.5	0.569159971328516	0.43084002867149035	1.0000000000000064	0.7983845210379168	1285.933113792415	0.6076422852097673	393.54264004337097
580.0	0.5705598232270377	0.4294401767729603	0.999999999999998	0.7983471489042168	1316.2646453990285	0.6084750992709271	402.9233309904436
582.5	0.571902506823083	0.42809749317691437	0.9999999999999973	0.7983131151301703	1346.7914532728778	0.6092114591564457	412.3334948216867
585.0	0.5731872848483233	0.4268127151516807	1.000000000000004	0.7982815614767667	1377.497253174321	0.6098517146348571	421.7658691626184
587.5	0.5744134611675158	0.4255865388324867	1.0000000000000024	0.7982516489196463	1408.3653761308606	0.6103962261841731	431.21302932966364
590.0	0.5755803807757827	0.42441961922422095	1.0000000000000036	0.7982225583125143	1439.378787222435	0.6108453649003067	440.66739559972507
592.5	0.5766874297671616	0.42331257023283614	0.9999999999999978	0.7981934909937312	1470.5201051753356	0.6111995124053384	450.1212407349131
595.0	0.5777340352748981	0.4222659647250998	0.9999999999999979	0.7981636693373426	1501.7716227327041	0.6114590607555566	459.5666977477401
597.5	0.5787196653837691	0.42128033461623143	1.0000000000000004	0.798132337249931	1533.1153277677417	0.6116244123492238	468.9957678918047
600.0	0.579643829014927	0.42035617098507005	0.999999999999997	0.7980987606147419	1564.532925104021	0.611695979834009	478.4003288627686
602.5	0.5805060757836846	0.4194939242163131	0.9999999999999978	0.7980622276846178	1596.0058590056328	0.6116741860140322	487.7721431942446
605.0	0.5813059958306938	0.4186940041693066	1.0000000000000004	0.798022049425336	1627.515336298365	0.6115594637564763	497.1028668331028
607.5	0.5820432196270072	0.4179567803729979	1.000000000000005	0.7979775598109938	1659.0423500816626	0.6113522558977115	506.3840578786222
610.0	0.5827174177535853	0.4172825822464211	1.0000000000000064	0.7979281160731276	1690.5677039898042	0.6110530151488909	515.6071854698916
612.5	0.5833283006557417	0.41667169934426423	1.000000000000006	0.7978730989052893	1722.0720369595042	0.6106622040009716	524.7636388058885
615.0	0.5838756183731317	0.4161243816268716	1.0000000000000033	0.7978119126248178	1753.535848460088	0.6101802946291242	533.8447362827325
617.5	0.5843591602458212	0.4156408397541825	1.0000000000000038	0.7977439852935623	1784.9395241413997	0.6096077687964844	542.841734732714
620.0	0.5847787545970815	0.415221245402921	1.0000000000000024	0.7976687687993238	1816.2633618537996	0.6089451177572214	551.745838749863
622.5	0.5851342683935417	0.4148657316064618	1.0000000000000036	0.7975857388997658	1847.4875979938859	0.6081928421588807	560.548210086993
625.0	0.5854256068833241	0.4145743931166711	0.9999999999999952	0.7974943952305596	1878.592434129035	0.6073514519439792	569.2399771093953
627.5	0.5856527132128616	0.41434728678714156	1.000000000000003	0.7973942612794878	1909.558063853423	0.6064214662508147	577.8122442906063
630.0	0.5858155680229883	0.41418443197701493	1.000000000000003	0.79728488432823	1940.3646998279069	0.6054034133134766	586.2561017359612
632.5	0.5859141890251859	0.41408581097481356	0.9999999999999994	0.7971658353635188	1970.9926009560154	0.6042978303610221	594.5626347199558
635.0	0.5859486305585211	0.4140513694414813	1.0000000000000024	0.7970367089593221	2001.4220996482936	0.603105263515811	602.7229332237791
637.5	0.5859189831280769	0.4140810168719224	0.9999999999999993	0.7968971231316795	2031.6336291273958	0.6018262676909732	610.7281014597387
640.0	0.5858253729256895	0.41417462707431385	1.0000000000000033	0.7967467191677641	2061.6077507266205	0.6004614064869942	618.5692673696719
642.5	0.5856679613336119	0.4143320386663885	1.0000000000000004	0.7965851614307267	2091.3251811349996	0.599011252087415	626.2375920848326
645.0	0.5854469444120489	0.4145530555879539	1.0000000000000029	0.7964121371417947	2120.7668195426522	0.5974763851536257	633.7242793351437
647.5	0.5851625523711574	0.4148374476288446	1.000000000000002	0.7962273561410876	2149.9137746408173	0.5958573947187571	641.0205847961207
650.0	0.5848150490284914	0.41518495097151187	1.000000000000003	0.7960305506285281	2178.747391431835	0.5941548780806577	648.1178253621866
652.5	0.5844047312525545	0.41559526874744274	0.9999999999999973	0.7958214748861933	2207.24927780535	0.5923694406939602	655.0073883355338
655.0	0.5839319283933772	0.41606807160662584	1.000000000000003	0.7955999049833878	2235.4013308381345	0.5905016960612343	661.6807405200899
657.5	0.5833970017007917	0.4166029982992108	1.0000000000000024	0.7953656384656667	2263.1857627761674	0.5885522656232345	668.1294372106001
660.0	0.5828003437314576	0.41719965626854216	0.9999999999999998	0.7951184940289757	2290.5851266590084	0.5865217786482434	674.3451310672244
662.5	0.5821423777452414	0.41785762225476053	1.0000000000000018	0.7948583111800228	2317.5823415480018	0.5844108721205243	680.3195808664866
665.0	0.5814235570918961	0.41857644290810403	1.0	0.7945849498839328	2344.1607173214375	0.582220190627888	686.0446601198058
667.5	0.5806443645888781	0.4193556354111256	1.0000000000000038	0.7942982902001801	2370.303979001569	0.5799503862483926	692.1368466186435
670.0	0.5798053118910884	0.42019468810891514	1.0000000000000036	0.793998231907738	2395.9962905801617	0.5776021184361898	699.7084086256245
672.5	0.5789069388534296	0.4210930611465688	0.9999999999999984	0.7936846941203204	2421.2222783112206	0.5751760539065328	709.3422358456542
675.0	0.577949812886982	0.422050187113022	1.000000000000004	0.7933576148925385	2445.9670534415263	0.5726728665199688	718.8326489293281
677.5	0.57693452830958	0.42306547169042347	1.0000000000000036	0.7930169508177392	2470.2162343517243	0.5700932371657369	728.1725736975579
680.0	0.5758617056917661	0.4241382943082372	1.0000000000000033	0.7926626766182315	2493.955968082876	0.567437853644396	737.3551074198195
682.5	0.5747319911987646	0.42526800880123594	1.0000000000000004	0.7922947847285593	2517.1729512256265	0.5647074105497054	746.3735299544296
685.0	0.5735460559294122	0.4264539440705882	1.0000000000000004	0.7919132848724209	2539.8544501514093	0.5619026091497918	755.2213145349189
687.5	0.5723045952528001	0.42769540474720286	1.0000000000000029	0.791518203633785	2561.988320567496	0.5590241572676247	763.8921381803959
690.0	0.5710083281434224	0.42899167185657655	0.9999999999999989	0.791109584022707	2583.5630263800185	0.556072769160839	772.3798917089837
692.5	0.569657996515673	0.4303420034843287	1.0000000000000018	0.7906874850362976	2604.567657851552	0.5530491654009312	780.67868933463
695.0	0.568254364558332	0.4317456354416696	1.0000000000000016	0.7902519812152498	2624.9919490422194	0.5499540727518686	788.7828778288812
697.5	0.566798218069983	0.43320178193002057	1.0000000000000036	0.7898031621962871	2644.8262945257366	0.546788224048146	796.6870452305014
700.0	0.5652903637959035	0.4347096362041074	1.0000000000000109	0.7893411322608542	2664.0617653742356	0.5435523580723227	804.3860290871789
702.5	0.5637316287673042	0.43626837123269674	1.0000000000000009	0.7888660098803312	2682.6901244080827	0.5402472194320883	811.8749242149066
705.0	0.5621228596435904	0.4378771403564116	1.000000000000002	0.7883779272580166	2700.7038407093096	0.5368735584368869	819.1490899620273
707.5	0.5604649220581962	0.4395350779418017	0.9999999999999979	0.7878770298680836	2718.096103399603	0.5334321309741482	826.2041569663268
710.0	0.5587586999688846	0.44124130003111783	1.0000000000000024	0.7873634759916885	2734.8608346860606	0.5299236983851637	833.3043059865846
712.5	0.5570050950129152	0.44299490498708705	1.0000000000000022	0.7868374362503779	2750.9927021801386	0.526349027340651	841.6641985713939
715.0	0.5552050258678812	0.4447949741321215	1.0000000000000027	0.7862990931369078	2766.4871304973603	0.5227088897160532	849.8497682931198
717.5	0.5533594276186699	0.44664057238133037	1.0000000000000002	0.7857486405435774	2781.340312147355	0.5190040624666175	857.8565856137236
720.0	0.5514692511311917	0.44853074886880806	0.9999999999999998	0.7851862832881372	2795.5492177257343	0.5152353275022938	865.6803965234371
722.5	0.5495354624333182	0.450464537566685	1.000000000000003	0.7846122366373316	2809.1116054211197	0.511403471562506	873.3171263099856
725.0	0.5475590421036273	0.4524409578963779	1.000000000000005	0.7840267258281081	2822.0260298522508	0.5075092860908388	880.7628830122547
727.5	0.5455409846683237	0.4544590153316734	0.9999999999999971	0.7834299855865107	2834.291850251642	0.5035535671096868	888.0139605570977
730.0	0.5434822980068958	0.4565177019931045	1.0000000000000004	0.7828222596442719	2845.9092380135376	0.49953711509491616	895.0668415787097
732.5	0.5413840027666925	0.4586159972333089	1.0000000000000013	0.7822038002531029	2856.879183625073	0.4954607348505834	901.9181999207042
735.0	0.539247131787044	0.46075286821295436	0.9999999999999983	0.7815748676966712	2867.2035030004417	0.4913252353837597	908.5649028217157
737.5	0.5370727295330744	0.46292727046692944	1.0000000000000038	0.7809357298002663	2876.884843238575	0.4871314297795114	915.0040127860249
740.0	0.534861851539526	0.46513814846047763	1.0000000000000036	0.7802866614381422	2885.926687825277	0.4828801350760804	921.2327891413332
742.5	0.5326155638649406	0.4673844361350617	1.0000000000000022	0.7796279440385241	2894.33336130092	0.4785721721403141	927.2486892864338
745.0	0.5303349425562661	0.46966505744373493	1.000000000000001	0.7789598650862912	2902.1100334147054	0.4742083655433942	933.049369632111
747.5	0.5280210731242184	0.4719789268757847	1.000000000000003	0.7782827176233322	2909.262722786051	0.4697895434369082	938.6326862391593
750.0	0.5256750500293925	0.47432494997060687	0.9999999999999993	0.777596799746595	2915.7983000929235	0.4653165374293116	943.996695157929
752.5	0.5232979761793716	0.47670202382063415	1.0000000000000058	0.7769024141038631	2921.724490805807	0.46079018246283066	949.1396524743213
755.0	0.5208909624367224	0.479109037563278	1.0000000000000004	0.7761998673873002	2927.0498774845087	0.4562113166908448	954.0600140676033
757.5	0.518455127138095	0.4815448728619069	1.000000000000002	0.7754894698248302	2931.783901653133	0.4515807813558015	958.7564350858505
760.0	0.5159915956241926	0.48400840437581105	1.0000000000000036	0.7747715346694355	2935.9368652661938	0.44689942066770244	963.2277691452327
762.5	0.5135014997807591	0.4864985002192433	1.0000000000000024	0.7740463776864779	2939.5199317761276	0.4421680816832077	967.4730672597191
765.0	0.5109859775903368	0.48901402240966635	1.000000000000003	0.7733143166391775	2942.5451268091892	0.4373876141854006	971.4915765081138
767.5	0.5084461726947515	0.49155382730524927	1.0000000000000007	0.7725756707724012	2945.0253384530192	0.43952380182136747	975.2827384456483
770.0	0.5058832339681083	0.4941167660318955	1.0000000000000038	0.7718307602949518	2946.9743171549194	0.4441388277967835	978.8461872676119
772.5	0.5032983151001122	0.49670168489989125	1.0000000000000036	0.7710799058605686	2948.4066752251097	0.4486660080816052	982.1817477327579
775.0	0.5006925741894788	0.4993074258105205	0.9999999999999993	0.7703234280478936	2949.337885933932	0.4531049859617387	985.2894328544214
777.5	0.4980671733471739	0.5019328266528281	1.000000000000002	0.7695616468396747	2949.78428218607	0.4574554278314892	988.1694413674713
780.0	0.49542327830908717	0.5045767216909146	1.0000000000000018	0.7687948811015333	2949.7630547484564	0.46171702307000145	990.8221549793593
782.5	0.49276205805797774	0.5072379419420275	1.0000000000000053	0.7680234480606369	2949.292250001453	0.465889483908287	993.2481354136664
785.0	0.49008468445413567	0.5099153155458671	1.0000000000000027	0.7672476627846716	2948.3907671753864	0.4699725452870386	995.4481212546185
787.5	0.4873923318745295	0.5126076681254754	1.0000000000000049	0.7664678376615341	2947.0783550263177	0.4739659647054394	997.4230246011325
790.0	0.4846861768598769	0.5153138231401257	1.0000000000000027	0.7656842818802152	2945.37560789629	0.477869522061175	999.1739275389801
792.5	0.4819673977693463	0.5180326022306526	0.9999999999999989	0.7648973009133637	2943.303961094081	0.48168301948187064	1000.7020784396838
795.0	0.4792371744423088	0.5207628255576938	1.0000000000000027	0.7641071960020833	2940.885685522892	0.4854062811481736	1002.0088880947476
797.5	0.47649668786671845	0.5235033121332847	1.000000000000003	0.7633142636435352	2938.143881471326	0.48903915310870905	1003.0959256938114
800.0	0.4737471198536081	0.5262528801463922	1.0000000000000002	0.7625187950819595	2935.102471473684	0.49258150308714427	1003.9649146552542
802.5	0.4709896527172058	0.5290103472827982	1.000000000000004	0.7617210758037785	2931.7861921350054	0.49603322028159547	1004.6177283177282
805.0	0.4682254689601173	0.5317745310398871	1.0000000000000044	0.7609213850374666	2928.220584805613	0.49939421515662336	1005.0563855010065
807.5	0.46545575096307806	0.5345442490369214	0.9999999999999996	0.7601199952589133	2924.4319849792787	0.5026644192280564	1005.2830459444492
810.0	0.46268168067871324	0.537318319321291	1.0000000000000042	0.7593171717030455	2920.4475102786873	0.5058437848408966	1005.3000056312633
812.5	0.45990443932875	0.5400955606712493	0.9999999999999993	0.7585131718825	2916.295046881869	0.5089322849405542	1005.1096920066303
815.0	0.45712520710416704	0.5428747928958375	1.0000000000000044	0.7577082451141728	2912.003234233858	0.5119299128376704	1004.7146590976313
817.5	0.4543451628677299	0.5456548371322717	1.0000000000000016	0.7569026320544979	2907.601447879381	0.5148366819667815	1004.1175825427546
820.0	0.4515654838583281	0.5484345161416795	1.0000000000000075	0.7560965642443459	2903.119780245005	0.5176526256390844	1003.3212545386382
822.5	0.4487873453966383	0.5512126546033657	1.000000000000004	0.755290263664439	2898.589019193426	0.520377796789566	1002.328578711526
825.0	0.44601192059154166	0.5539880794084581	0.9999999999999998	0.7544839423022162	2894.040624168546	0.5230122677187563	1001.1425649207703
827.5	0.44324038004678507	0.556759619953222	1.000000000000007	0.7536778017311007	2889.506699748257	0.5255561298293709	999.7663240015397
830.0	0.44047389156738387	0.5595261084326207	1.0000000000000047	0.7528720327031253	2885.0199664226952	0.5280094933581033	998.2030624537421
832.5	0.43771361986529544	0.5622863801347081	1.0000000000000036	0.7520668147558953	2880.613728419567	0.5303724871028364	996.456077083982
835.0	0.4349607262638274	0.5650392737361758	1.000000000000003	0.7512623158348801	2876.321838405422	0.5326452581455361	994.5287496072373
837.5	0.4322163684004144	0.5677836315995963	1.0000000000000107	0.750458691932014	2872.1786589028484	0.5348279715710882	992.4245412147457
840.0	0.4294816999272277	0.5705183000727788	1.0000000000000064	0.7496560867416069	2868.2190202788115	0.5369208101823504	990.1469871144562
842.5	0.4267578702092993	0.5732421297907043	1.0000000000000036	0.7488546313345533	2864.4781751792607	0.5389239742116761	987.6996910502293
845.0	0.42404602401971714	0.57595397598029	1.000000000000007	0.74805444385182	2860.9917493097328	0.5408376810291764	985.0863198058177
847.5	0.4213473012315189	0.5786526987684852	1.0000000000000042	0.7472556292181843	2857.795688491505	0.5426621648479774	982.310597699523
850.0	0.41866283650603775	0.5813371634939696	1.0000000000000073	0.746458278877188	2854.9262019577686	0.5443976764267392	979.3763010752665
852.5	0.4159937589772472	0.5840062410227563	1.0000000000000036	0.745662470548234	2852.4197018945088	0.5460444827696885	976.2872527956941
855.0	0.4133411919319908	0.5866588080680174	1.0000000000000082	0.7448682680067453	2850.3127392760766	0.5476028668244205	973.0473167427941
857.5	0.4107062524857174	0.5892937475142848	1.0000000000000022	0.7440757208882729	2848.64193609561	0.5490731271777289	969.6603923313994
860.0	0.40809005125362097	0.5919099487463853	1.0000000000000062	0.7432848645173976	2847.4439141450225	0.5504555777497073	966.130409040828
862.5	0.4054936920168665	0.594506307983135	1.0000000000000016	0.7424957197622494	2846.755220557666	0.5517505474863754	962.4613209698105
865.0	0.4029182713839213	0.5970817286160859	1.000000000000007	0.7417082929154091	2846.612250388104	0.5529583800510709	958.6571014197633
867.5	0.40036487844671415	0.5996351215532887	1.0000000000000029	0.7409225756019241	2847.0511665667345	0.5540794335148502	954.7217375113812
870.0	0.39783459443165947	0.6021654055683433	1.0000000000000027	0.7401385447151133	2848.1078176310825	0.5551140800461343	950.6592248394401
872.5	0.39532849234541906	0.6046715076545834	1.0000000000000024	0.7393561623807826	2849.817653698965	0.5560627055998336	946.4735621706325
875.0	0.39284763661541594	0.6071523633845869	1.0000000000000029	0.7385753759504179	2852.2156412100517	0.5569257096061845	942.1687461891992
877.5	0.3903930827251111	0.6096069172748934	1.0000000000000044	0.7377961180238516	2855.3361770197484	0.5577035046595177	937.7487662950676
880.0	0.38796587684409867	0.6120341231559051	1.0000000000000038	0.7370183065018457	2859.213002481274	0.5583965162071831	933.2175994591594
882.5	0.38556705545305203	0.6144329445469564	1.0000000000000084	0.7362418446689564	2863.8791181964043	0.5590051822388497	928.5792051404811
885.0	0.3831976449637208	0.6168023550362888	1.0000000000000095	0.7354666213069737	2869.3667001510257	0.5595299529763855	923.8375202696018
887.5	0.3808586613339942	0.6191413386660127	1.0000000000000069	0.73469251083916	2875.7070179767343	0.5599712905645305	918.9964543030655
890.0	0.37855110967832273	0.6214488903216823	1.0000000000000049	0.7339193735054339	2882.9303560928297	0.5603296687625655	914.0598843532864
892.5	0.37627598387360284	0.6237240161263999	1.0000000000000027	0.7331470555685602	2891.0659384831115	0.5606055726371663	909.0316503984429
895.0	0.3740342661608015	0.6259657338392052	1.0000000000000067	0.7323753895513271	2900.1418578479593	0.5607994982566417	903.9155505768766
897.5	0.37182692674253165	0.6281730732574731	1.0000000000000047	0.7316041945046226	2910.1850098438963	0.5609119523867372	898.7153365704872
900.0	0.36965492337689626	0.6303450766231093	1.0000000000000056	0.730833276306216	2921.221033080142	0.5609434521881886	893.4347090816073
902.5	0.36751920096786317	0.6324807990321415	1.0000000000000047	0.7300624279899798	2933.274255484935	0.5608945249161958	888.0773134078228
905.0	0.36542069115250675	0.6345793088475026	1.0000000000000093	0.7292914301052058	2946.3676475845637	0.5607657076219873	882.6467351192045
907.5	0.3633603118854559	0.636639688114553	1.0000000000000089	0.7285200511055664	2960.5227831563557	0.5605575468566436	877.1464958423911
910.0	0.36133896702091894	0.6386610329790872	1.0000000000000062	0.7277480477672056	2975.7598076250724	0.560270598377327	871.5800491559603
912.5	0.3593575458926578	0.6406424541073499	1.0000000000000075	0.7269751656353498	2992.0974144723223	0.5599054268560787	865.9507766014997
915.0	0.3574169228923002	0.6425830771077061	1.0000000000000062	0.726201139498747	3009.552829823068	0.5594626055913227	860.2619838147704
917.5	0.3555179570464246	0.6444820429535778	1.0000000000000024	0.7254256938911595	3028.141805264682	0.5589427162222188	854.5168967813253
920.0	0.3536614915928557	0.6463385084071555	1.000000000000011	0.7246485436190582	3047.8786188448703	0.5583463484459952	848.7186582209066
922.5	0.35184835355655963	0.6481516464434423	1.0000000000000018	0.7238693943145846	3068.776084087962	0.5576740997383918	842.8703241049162
925.0	0.35007935332568524	0.6499206466743181	1.0000000000000033	0.7230879430127728	3090.8455667669223	0.5569265750773305	836.974860311186
927.5	0.34835528422810824	0.6516447157718949	1.000000000000003	0.7223038787519478	3114.097009073633	0.556104386669931	831.0351394202296
930.0	0.34667692210908113	0.6533230778909277	1.0000000000000089	0.7215168831961476	3138.5389607443794	0.5552081536829807	825.0539376570756
932.5	0.34504502491035266	0.6549549750896546	1.0000000000000073	0.7207266312783509	3164.1786166230495	0.5542385019769552	819.0339319827108
935.0	0.3434603322513583	0.6565396677486479	1.0000000000000062	0.7199327918632247	3191.021860082617	0.5531960638436979	812.9776973390595
937.5	0.3419235650129242	0.6580764349870799	1.000000000000004	0.7191350284280454	3219.07331167701	0.5520814777478356	806.8877040513295
940.0	0.34043542492400514	0.6595645750760037	1.0000000000000089	0.7183329997604	3248.3363823610484	0.5508953880720246	800.7663153914308
942.5	0.33899659415200895	0.6610034058479999	1.0000000000000089	0.7175263606712091	3278.8133305958827	0.5496384448661007	803.9992454867516
945.0	0.33760773489717694	0.6623922651028363	1.0000000000000133	0.7167147627215745	3310.5053226509885	0.5483113036002059	825.1466651071993
