# time ref_real ref_imag sibcc_real sibcc_imag direct_real direct_imag
0.0	0.00014936734585280952	-0.0	0.00018137686189228814	-1.906123866103927e-5	0.0001662174203346138	-8.292139203266889e-6
2.0	0.000149311928986987	-6.678722330337047e-7	0.00017820310179137843	-1.8731689073170672e-5	0.00016371413331390042	-8.291020392780406e-6
4.0	0.0001491459320088955	-1.332906402828962e-6	0.00017508487654398547	-1.8407836240438476e-5	0.0001612484546650077	-8.288059101245974e-6
6.0	0.00014887011282370326	-1.992294529642735e-6	0.00017202121439577228	-1.8089581700554152e-5	0.000158819820755934	-8.283310941951596e-6
8.0	0.00014848572482804756	-2.6432882079722717e-6	0.00016901116059622837	-1.7776828692785394e-5	0.0001564276763809639	-8.276830274060645e-6
10.0	0.00014799450246577215	-3.283226930383994e-6	0.00016605377710113617	-1.7469482128555583e-5	0.00015407147463500899	-8.26867022771144e-6
12.0	0.00014739864144538734	-3.909564706595774e-6	0.00016314814228024366	-1.716744856255122e-5	0.00015175067678981828	-8.258882728646417e-6
14.0	0.00014670077404046707	-4.519894492445588e-6	0.0001602933506300518	-1.6870636164328413e-5	0.00014946475217203023	-8.247518522379338e-6
16.0	0.00014590393998953149	-5.11197000966046e-6	0.000157488512491628	-1.6578954690410002e-5	0.0001472131780430383	-8.234627197908861e-6
18.0	0.0001450115535902201	-5.683724614570682e-6	0.00015473275377335733	-1.6292315456864633e-5	0.00014499543948064413	-8.220257210986626e-6
20.0	0.00014402736764168928	-6.2332869588361744e-6	0.00015202521567854452	-1.6010631312359625e-5	0.00014281102926247142	-8.204455906947873e-6
22.0	0.0001429554349279883	-6.758993274394807e-6	0.00014936505443778313	-1.573381661167935e-5	0.00014065944775111403	-8.187269543112481e-6
24.0	0.00014180006795337142	-7.259396204712805e-6	0.000146751441046007	-1.5461787189701105e-5	0.00013854020278099318	-8.168743310764165e-6
26.0	0.0001405657976386701	-7.73327019167793e-6	0.0001441835610041434	-1.519446033582061e-5	0.00013645280954689796	-8.148921356715437e-6
28.0	0.00013925733166729551	-8.179613509106074e-6	0.00014166061406528625	-1.4931754768819311e-5	0.00013439679049418447	-8.127846804465802e-6
30.0	0.00013787951313218273	-8.597647107260642e-6	0.00013918181398531111	-1.4673590612165906e-5	0.0001323716752106085	-8.105561774960543e-6
32.0	0.00013643728008352486	-8.986810495988358e-6	0.00013674638827785378	-1.4419889369744532e-5	0.00013037700031976826	-8.08210740695729e-6
34.0	0.0001349356265143507	-9.346754945637432e-6	0.00013435357797357637	-1.4170573902002339e-5	0.00012841230937613227	-8.057523877007493e-6
36.0	0.00013337956524991934	-9.67733432405091e-6	0.00013200263738364566	-1.3925568402509094e-5	0.00012647715276163006	-8.031850419059713e-6
38.0	0.0001317740931306097	-9.978593914431227e-6	0.00012969283386735021	-1.3684798374921795e-5	0.00012457108758378126	-8.005125343691627e-6
40.0	0.00013012415879941913	-1.0250757573114373e-5	0.00012742344760378348	-1.344819061034721e-5	0.0001226936775753413	-7.977386056977424e-6
42.0	0.0001284346333270445	-1.0494213589108939e-5	0.00012519377136752251	-1.321567316509558e-5	0.00012084449299544037	-7.948669078997223e-6
44.0	0.00012671028383215102	-1.070949959985721e-5	0.00012300311030823127	-1.2987175338818586e-5	0.00011902311053219427	-7.919010061994994e-6
46.0	0.00012495575018378323	-1.0897286901538755e-5	0.00012085078173412078	-1.2762627653025095e-5	0.00011722911320676448	-7.888443808191347e-6
48.0	0.00012317552480843168	-1.105836446899703e-5	0.00011873611489919822	-1.2541961829968015e-5	0.00011546209027884649	-7.857004287257448e-6
50.0	0.00012137393556709602	-1.1193622971716298e-5	0.00011665845079423885	-1.2325110771895979e-5	0.0001137216371535651	-7.82472465345625e-6
52.0	0.00011955513161841749	-1.130403903986442e-5	0.00011461714194141521	-1.2112008540663443e-5	0.00011200735528975556	-7.791637262457012e-6
54.0	0.00011772307214283647	-1.1390659999792094e-5	0.00011261155219252022	-1.1902590337693094e-5	0.00011031885210961033	-7.757773687829142e-6
56.0	0.00011588151776970169	-1.145458926292213e-5	0.00011064105653072093	-1.169679248428443e-5	0.0001086557409096708	-7.72316473722108e-6
58.0	0.00011403402452397858	-1.1496972516855004e-5	0.00010870504087578093	-1.1494552402262552e-5	0.00010701764077314435	-7.687840468230046e-6
60.0	0.0001121839400911509	-1.1518984833724439e-5	0.0001068029018926913	-1.1295808594961271e-5	0.00010540417648352682	-7.65183020396826e-6
62.0	0.00011033440218741598	-1.1521818779108026e-5	0.00010493404680365005	-1.1100500628534825e-5	0.00010381497843951102	-7.615162548331102e-6
64.0	0.00010848833881659623	-1.1506673575675564e-5	0.00010309789320333133	-1.0908569113592388e-5	0.00010224968257116245	-7.577865400972742e-6
66.0	0.00010664847019455061	-1.1474745349602058e-5	0.00010129386887738742	-1.0719955687149975e-5	0.00010070793025734302	-7.539965971994498e-6
68.0	0.0001048173121254891	-1.1427218464784246e-5	9.952141162412637e-5	-1.0534602994894108e-5	9.918936824436456e-5	-7.501490796351217e-6
70.0	0.00010299718062172118	-1.1365257930150603e-5	9.77799690793099e-5	-1.0352454673751935e-5	9.769364856585357e-5	-7.46246574798078e-6
72.0	0.00010119019756830042	-1.1290002848814106e-5	9.60689985440171e-5	-1.01734553347625e-5	9.622042846380965e-5	-7.422916053661838e-6
74.0	9.939829724610428e-5	-1.120256086437402e-5	9.438796681552011e-5	-9.997550546243928e-6	9.476937031083912e-5	-7.382866306604712e-6
76.0	9.76232335405203e-5	-1.1104003549159258e-5	9.27363500211192e-5	-9.824686817251475e-6	9.334014153354748e-5	-7.3423404797803714e-6
78.0	9.58665876775635e-5	-1.0995362671410438e-5	9.111363345488537e-5	-9.654811581321347e-6	9.193241453707222e-5	-7.3013619389922405e-6
80.0	9.41297763444467e-5	-1.0877627273079161e-5	8.951931141725954e-5	-9.487873180495403e-6	9.054586663074012e-5	-7.259953455695595e-6
82.0	9.241406006695858e-5	-1.075174148681899e-5	8.795288705745875e-5	-9.32382084962187e-6	8.918017995483181e-5	-7.218137219569146e-6
84.0	9.07205517311139e-5	-1.0618603019577097e-5	8.641387221863949e-5	-9.16260470092729e-6	8.783504140843708e-5	-7.175934850843359e-6
86.0	8.905022515113272e-5	-1.0479062230684628e-5	8.490178728577072e-5	-9.004175708855056e-6	8.651014257838513e-5	-7.133367412389979e-6
88.0	8.740392359964474e-5	-1.0333921734201679e-5	8.341616103616872e-5	-8.848485695165887e-6	8.520517966923328e-5	-7.090455421577148e-6
90.0	8.578236822892165e-5	-1.0183936458218854e-5	8.195653049264722e-5	-8.695487314295722e-6	8.391985343429873e-5	-7.047218861894405e-6
92.0	8.418616632379423e-5	-1.0029814097580962e-5	8.052244077923716e-5	-8.54513403896662e-6	8.265386910771807e-5	-7.003677194351841e-6
94.0	8.261581933764502e-5	-9.872215900828526e-6	7.911344497943114e-5	-8.397380146046262e-6	8.140693633751867e-5	-6.959849368657523e-6
96.0	8.107173067246491e-5	-9.711757736821762e-6	7.772910399690809e-5	-8.25218070265177e-6	8.017876911968747e-5	-6.915753834177281e-6
98.0	7.955421317244364e-5	-9.549011391323782e-6	7.636898641869529e-5	-8.109491552493633e-6	7.896908573322198e-5	-6.871408550680888e-6
100.0	7.806349630799512e-5	-9.384506048613772e-6	7.50326683807246e-5	-7.969269302455562e-6	7.777760867614918e-5	-6.826830998878545e-6
102.0	7.659973303357593e-5	-9.21872991785291e-6	7.371973343574117e-5	-7.831471309406252e-6	7.660406460249776e-5	-6.7820381907515625e-6
104.0	7.516300630823841e-5	-9.05213196834991e-6	7.242977242352361e-5	-7.69605566723898e-6	7.544818426020956e-5	-6.737046679681022e-6
106.0	7.375333527267161e-5	-8.885123742017477e-6	7.116238334337494e-5	-7.562981194135149e-6	7.430970242997619e-5	-6.691872570378154e-6
108.0	7.23706810806183e-5	-8.718081215154222e-6	6.99171712288448e-5	-7.4322074200479005e-6	7.318835786498723e-5	-6.646531528620108e-6
110.0	7.101495238610402e-5	-8.551346685230897e-6	6.869374802464364e-5	-7.303694574401977e-6	7.208389323157641e-5	-6.601038790794709e-6
112.0	6.968601049094451e-5	-8.385230661622745e-6	6.749173246571087e-5	-7.177403574006123e-6	7.099605505075231e-5	-6.5554091732577175e-6
114.0	6.838367415956762e-5	-8.220013742237824e-6	6.631074995839884e-5	-7.053296011174317e-6	6.992459364060053e-5	-6.509657081506117e-6
116.0	6.710772411033577e-5	-8.055948460771473e-6	6.515043246373613e-5	-6.931334142052282e-6	6.886926305954434e-5	-6.4637965191707775e-6
118.0	6.585790719431044e-5	-7.89326109189266e-6	6.401041838273318e-5	-6.811480875145664e-6	6.782982105045112e-5	-6.417841096831902e-6
120.0	6.463394027378329e-5	-7.732153404053445e-6	6.28903524436952e-5	-6.693699760046452e-6	6.680602898557194e-5	-6.371804040660507e-6
122.0	6.343551381392411e-5	-7.5728043518131296e-6	6.17898855915067e-5	-6.577954976354175e-6	6.57976518123018e-5	-6.32569820088918e-6
124.0	6.226229520158303e-5	-7.4153717015795305e-6	6.07086748788532e-5	-6.464211322788525e-6	6.480445799974863e-5	-6.279536060115316e-6
126.0	6.111393180565447e-5	-7.25999358648016e-6	5.964638335934665e-5	-6.352434206490102e-6	6.382621948609863e-5	-6.2333297414399e-6
128.0	5.999005379349895e-5	-7.106789987671431e-6	5.8602679982520695e-5	-6.242589632506037e-6	6.286271162676652e-5	-6.187091016444948e-6
130.0	5.889027671776185e-5	-6.955864140761153e-6	5.7577239490663427e-5	-6.134644193457274e-6	6.191371314331853e-5	-6.14083131301256e-6
132.0	5.781420388757678e-5	-6.807303867150423e-6	5.656974231745535e-5	-6.028565059384397e-6	6.0979006073157283e-5	-6.0945617229886085e-6
134.0	5.6761428537645156e-5	-6.661182830995691e-6	5.557987448838094e-5	-5.924319967768912e-6	6.005837571995657e-5	-6.048293009693884e-6
136.0	5.573153580809954e-5	-6.517561723161331e-6	5.460732752288293e-5	-5.821877213726952e-6	5.9151610604835394e-5	-6.002035615285614e-6
138.0	5.472410454743397e-5	-6.376489373999193e-6	5.3651798338228457e-5	-5.7212056403724045e-6	5.825850241825988e-5	-5.955799667972102e-6
140.0	5.3738708950164e-5	-6.238003797085776e-6	5.2712989155057755e-5	-5.622274629346593e-6	5.737884597266262e-5	-5.909594989083261e-6
142.0	5.277492004029615e-5	-6.102133166208466e-6	5.179060740458507e-5	-5.5250540915115455e-6	5.651243915576843e-5	-5.863431099999744e-6
144.0	5.1832307011157525e-5	-5.96889672796157e-6	5.0884365637423844e-5	-5.429514457804127e-6	5.56590828846162e-5	-5.817317228943298e-6
146.0	5.0910438431669915e-5	-5.838305652331625e-6	4.999398143400696e-5	-5.335626670248165e-6	5.4818581060266474e-5	-5.771262317630951e-6
148.0	5.0008883328742386e-5	-5.710363823655466e-6	4.91191773165746e-5	-5.243362173121897e-6	5.3990740523184524e-5	-5.7252750277956055e-6
150.0	4.912721215508426e-5	-5.585068574351313e-6	4.8259680662702146e-5	-5.152692904278038e-6	5.3175371009288794e-5	-5.679363747575523e-6
152.0	4.826499765138715e-5	-5.462411363869369e-6	4.7415223620341095e-5	-5.06359128661382e-6	5.2372285106654986e-5	-5.633536597775169e-6
154.0	4.742181561146447e-5	-5.342378405388765e-6	4.658554302434668e-5	-4.976030219688435e-6	5.158129821286592e-5	-5.587801437999855e-6
156.0	4.65972455585486e-5	-5.224951242896679e-6	4.577038031446603e-5	-4.8899830714853176e-6	5.080222849299755e-5	-5.542165872666533e-6
158.0	4.579087134051419e-5	-5.110107281407746e-6	4.4969481454761444e-5	-4.805423670316774e-6	5.003489683823174e-5	-5.496637256893074e-6
160.0	4.5002281651312875e-5	-4.997820273197337e-6	4.41825968544435e-5	-4.722326296868482e-6	4.9279126825086396e-5	-5.4512227022683536e-6
162.0	4.423107048537358e-5	-4.888060763008514e-6	4.3409481290089546e-5	-4.640665676381482e-6	4.853474467525386e-5	-5.405929082505344e-6
164.0	4.347683753115399e-5	-4.780796495228777e-6	4.2649893829223104e-5	-4.560416970969241e-6	4.780157921603843e-5	-5.3607630389794635e-6
166.0	4.27391885094433e-5	-4.675992786004687e-6	4.190359775523062e-5	-4.481555772067474e-6	4.707946184138413e-5	-5.315730986154344e-6
168.0	4.201773546143845e-5	-4.573612863162523e-6	4.1170360493591874e-5	-4.404058093014447e-6	4.636822647348392e-5	-5.2708391168971184e-6
170.0	4.131209699106629e-5	-4.473618176633601e-6	4.044995353940133e-5	-4.327900361759469e-6	4.566770952496179e-5	-5.226093407685358e-6
172.0	4.06218984655424e-5	-4.375968681854699e-6	3.9742152386157675e-5	-4.253059413697399e-6	4.497774986161897e-5	-5.181499623707691e-6
174.0	3.994677217773107e-5	-4.280623098345743e-6	3.904673645579938e-5	-4.179512484626951e-6	4.4298188765736286e-5	-5.137063323860121e-6
176.0	3.9286357473547436e-5	-4.18753914538205e-6	3.8363489029964566e-5	-4.107237203830704e-6	4.362886989992386e-5	-5.092789865640033e-6
178.0	3.864030084739183e-5	-4.0966737564022815e-6	3.769219718245363e-5	-4.03621158727466e-6	4.296963927151039e-5	-5.0486844099398145e-6
180.0	3.8008256008436705e-5	-4.007983273549257e-6	3.7032651712873684e-5	-3.966414030925335e-6	4.232034519746389e-5	-5.004751925742023e-6
182.0	3.7389883920475535e-5	-3.921423623548033e-6	3.638464708144404e-5	-3.8978233041823256e-6	4.168083826983591e-5	-4.960997194717965e-6
184.0	3.67848528179698e-5	-3.836950475995278e-6	3.574798134494253e-5	-3.830418543424348e-6	4.105097132172146e-5	-4.917424815731499e-6
186.0	3.6192838200871005e-5	-3.7545193850690337e-6	3.512245609377259e-5	-3.764179245666826e-6	4.0430599393726965e-5	-4.874039209249924e-6
188.0	3.561352281072467e-5	-3.674085915662499e-6	3.450787639013162e-5	-3.6990852623290553e-6	3.9819579700938836e-5	-4.830844621663679e-6
190.0	3.504659659046461e-5	-3.5956057549857154e-6	3.390405070726115e-5	-3.635116793109082e-6	3.921777160038487e-5	-4.7878451295166145e-6
192.0	3.4491756630164697e-5	-3.5190348107458226e-6	3.331079086976015e-5	-3.5722543799644257e-6	3.8625036558981554e-5	-4.745044643648556e-6
194.0	3.3948707100828005e-5	-3.44432929708783e-6	3.2727911994942666e-5	-3.5104789011968103e-6	3.804123812195963e-5	-4.7024469132517995e-6
196.0	3.341715917806297e-5	-3.371445809531887e-6	3.215523243522161e-5	-3.4497715656391267e-6	3.746624188176115e-5	-4.660055529843244e-6
198.0	3.2896830957235764e-5	-3.3003413901620014e-6	3.159257372150067e-5	-3.390113906942826e-6	3.689991544740081e-5	-4.6178739311537296e-6
200.0	3.238744736141306e-5	-3.2309735842924127e-6	3.1039760507556844e-5	-3.3314877779640474e-6	3.6342128414284616e-5	-4.575905404936197e-6
202.0	3.188874004314315e-5	-3.1633004897570707e-6	3.049662051539605e-5	-3.2738753452467495e-6	3.579275233447923e-5	-4.53415309269421e-6
204.0	3.140044728088289e-5	-3.097280799838011e-6	2.996298448156507e-5	-3.2172590836011753e-6	3.525166068742518e-5	-4.492619993332387e-6
206.0	3.0922313870684454e-5	-3.0328738406807593e-6	2.943868610440276e-5	-3.1616217707760032e-6	3.4718728851087254e-5	-4.451308966730244e-6
208.0	3.0454091013618788e-5	-2.9700396038554242e-6	2.892356199221438e-5	-3.1069464822225737e-6	3.4193834073535854e-5	-4.410222737240913e-6
210.0	2.9995536199338416e-5	-2.9087387745308318e-6	2.8417451612352704e-5	-3.0532165859495826e-6	3.367685544495245e-5	-4.369363897116183e-6
212.0	2.954641308616758e-5	-2.8489327555558233e-6	2.7920197241190185e-5	-3.0004157374667002e-6	3.316767387005323e-5	-4.3287349098593124e-6
214.0	2.9106491378142232e-5	-2.79058368760433e-6	2.743164391496642e-5	-2.948527874815561e-6	3.266617204092449e-5	-4.288338113506967e-6
216.0	2.86755466994906e-5	-2.7336544654520145e-6	2.695163938149576e-5	-2.8975372136866235e-6	3.217223441026372e-5	-4.248175723841701e-6
218.0	2.8253360467127026e-5	-2.6781087504178515e-6	2.6480034052719907e-5	-2.8474282426204154e-6	3.1685747165020195e-5	-4.208249837536274e-6
220.0	2.783971976180738e-5	-2.623910979023128e-6	2.6016680958090774e-5	-2.79818571829171e-6	3.120659820042941e-5	-4.168562435231174e-6
222.0	2.743441719864409e-5	-2.571026367984258e-6	2.5561435698769033e-5	-2.749794660875186e-6	3.0734677094435174e-5	-4.129115384546606e-6
224.0	2.7037250797691668e-5	-2.5194209157504747e-6	2.511415640262411e-5	-2.7022403494911845e-6	3.02698750824938e-5	-4.089910443030246e-6
226.0	2.664802385527834e-5	-2.4690614009049505e-6	2.4674703680021578e-5	-2.655508317730161e-6	2.9812085032754633e-5	-4.050949261041981e-6
228.0	2.6266544816678234e-5	-2.4199153778488995e-6	2.424294058038423e-5	-2.6095843492544807e-6	2.936120142161124e-5	-4.012233384576892e-6
230.0	2.589262715059791e-5	-2.3719511702653344e-6	2.3818732549513197e-5	-2.5644544734762266e-6	2.8917120309617904e-5	-3.9737642580276545e-6
232.0	2.5526089225802625e-5	-2.3251378628986476e-6	2.3401947387655886e-5	-2.520104961309689e-6	2.8479739317765763e-5	-3.935543226887558e-6
234.0	2.516675419004933e-5	-2.279445292180085e-6	2.2992455208307652e-5	-2.476522320997265e-6	2.804895760411348e-5	-3.897571540395298e-6
236.0	2.4814449851342896e-5	-2.23484403617646e-6	2.259012839773434e-5	-2.4336932940074887e-6	2.7624675840766897e-5	-3.859850354122666e-6
238.0	2.4469008561407418e-5	-2.191305404245842e-6	2.219484157520315e-5	-2.391604851003951e-6	2.7206796191202713e-5	-3.822380732506284e-6
240.0	2.413026710117761e-5	-2.1488014266607615e-6	2.1806471553909362e-5	-2.350244187883886e-6	2.6795222287930935e-5	-3.7851636513244494e-6
242.0	2.379806656807804e-5	-2.1073048443227034e-6	2.1424897302586712e-5	-2.3095987218852e-6	2.6389859210490995e-5	-3.7482000001201736e-6
244.0	2.3472252264867935e-5	-2.0667890985584593e-6	2.1049999907789605e-5	-2.2696560877607958e-6	2.5990613463776743e-5	-3.711490584571492e-6
246.0	2.3152673589885554e-5	-2.0272283208765636e-6	2.0681662536835264e-5	-2.230404134019004e-6	2.5597392956685246e-5	-3.67503612881005e-6
248.0	2.283918392861477e-5	-1.988597322483958e-6	2.0319770401394327e-5	-2.1918309192289775e-6	2.521010698108465e-5	-3.6388372776890077e-6
250.0	2.253164054660511e-5	-1.95087158332852e-6	1.996421072171855e-5	-2.153924708389949e-6	2.4828666191096324e-5	-3.602894599001248e-6
252.0	2.2229904483885094e-5	-1.914027240444686e-6	1.9614872691494443e-5	-2.1166739693632203e-6	2.4452982582686594e-5	-3.567208585648869e-6
254.0	2.1933840451102818e-5	-1.8780410754337057e-6	1.9271647443311897e-5	-2.080067369365823e-6	2.4082969473563488e-5	-3.5317796577649326e-6
256.0	2.16433167276909e-5	-1.8428905009972958e-6	1.8934428014737075e-5	-2.0440937715247683e-6	2.371854148337392e-5	-3.4966081647883993e-6
258.0	2.135820506237651e-5	-1.8085535465503963e-6	1.8603109314978904e-5	-2.008742231490849e-6	2.3359614514196796e-5	-3.461694387493188e-6
260.0	2.107838057633725e-5	-1.7750088430483604e-6	1.827758809213891e-5	-1.9740019941109608e-6	2.3006105731327732e-5	-3.4270385399722563e-6
262.0	2.0803721669241832e-5	-1.7422356072604892e-6	1.7957762901034058e-5	-1.939862490157932e-6	2.2657933544350923e-5	-3.3926407715776156e-6
264.0	2.0534109928320316e-5	-1.710213625790912e-6	1.7643534071582664e-5	-1.9063133331168656e-6	2.2315017588493967e-5	-3.3585011688171235e-6
266.0	2.0269430040493804e-5	-1.6789232391793968e-6	1.733480367774348e-5	-1.8733443160270237e-6	2.1977278706261364e-5	-3.3246197572089477e-6
268.0	2.0009569707474743e-5	-1.6483453264043022e-6	1.7031475506998285e-5	-1.8409454083782908e-6	2.164463892934259e-5	-3.2909965030945217e-6
270.0	1.97544195636414e-5	-1.6184612900588982e-6	1.673345503036849e-5	-1.8091067530612663e-6	2.1317021460790602e-5	-3.2576313154108213e-6
272.0	1.950387309640944e-5	-1.5892530423881036e-6	1.6440649372956366e-5	-1.7778186633700752e-6	2.0994350657466767e-5	-3.224524047422792e-6
274.0	1.9257826568778126e-5	-1.560702992266706e-6	1.6152967285001754e-5	-1.7470716200569686e-6	2.0676552012748266e-5	-3.191674498416697e-6
276.0	1.9016178943726748e-5	-1.5327940330877323e-6	1.587031911344525e-5	-1.7168562684378324e-6	2.0363552139493968e-5	-3.159082415355191e-6
278.0	1.8778831810174924e-5	-1.5055095314255351e-6	1.5592616773988957e-5	-1.6871634155477174e-6	2.0055278753265083e-5	-3.1267474944948737e-6
280.0	1.854568931029452e-5	-1.4788333162571942e-6	1.5319773723646113e-5	-1.657984027345529e-6	1.975166065579658e-5	-3.0946693829670815e-6
282.0	1.831665806805786e-5	-1.4527496684780724e-6	1.5051704933771053e-5	-1.6293092259670233e-6	1.9452627718715832e-5	-3.0628476803226517e-6
284.0	1.809164711901483e-5	-1.4272433104393825e-6	1.4788326863561128e-5	-1.6011302870252857e-6	1.915811086750467e-5	-3.031281940041387e-6
286.0	1.787056784139232e-5	-1.4022993952670857e-6	1.4529557434022236e-5	-1.5734386369578554e-6	1.8868042065701257e-5	-2.9999716710069354e-6
288.0	1.7653333888691318e-5	-1.3779034957876204e-6	1.427531600238996e-5	-1.546225850419704e-6	1.858235429933825e-5	-2.9689163389477687e-6
290.0	1.7439861124006947e-5	-1.354041592976668e-6	1.4025523336998232e-5	-1.5194836477212673e-6	1.830098156161361e-5	-2.938115367844969e-6
292.0	1.723006755630908e-5	-1.330700063949066e-6	1.3780101592587795e-5	-1.4932038923107547e-6	1.8023858837790727e-5	-2.907568141307463e-6
294.0	1.7023873278893815e-5	-1.3078656696066752e-6	1.3538974286046691e-5	-1.4673785882999722e-6	1.775092209032434e-5	-2.877274003915401e-6
296.0	1.6821200410154584e-5	-1.2855255421422576e-6	1.3302066272575253e-5	-1.4419998780329063e-6	1.748210824420891e-5	-2.847232262532279e-6
298.0	1.6621973036733085e-5	-1.263667172650091e-6	1.3069303722268169e-5	-1.4170600396963258e-6	1.721735517254616e-5	-2.8174421875864968e-6
300.0	1.6426117159010102e-5	-1.2422783991110295e-6	1.284061409710631e-5	-1.3925514849716844e-6	1.695660168232846e-5	-2.7879030143229183e-6
302.0	1.6233560638795763e-5	-1.2213473949987364e-6	1.2615926128351153e-5	-1.3684667567276003e-6	1.6699787500434878e-5	-2.7586139440250865e-6
304.0	1.604423314899487e-5	-1.2008626586985363e-6	1.2395169794334763e-5	-1.3447985267522192e-6	1.6446853259836716e-5	-2.7295741452086647e-6
306.0	1.5858066124965024e-5	-1.180813003848658e-6	1.2178276298638416e-5	-1.321539593524768e-6	1.6197740486009353e-5	-2.70078275478671e-6
308.0	1.5674992717262583e-5	-1.1611875506173165e-6	1.1965178048653025e-5	-1.2986828800256222e-6	1.5952391583547447e-5	-2.6722388792073457e-6
310.0	1.5494947745486136e-5	-1.1419757178318134e-6	1.1755808634514763e-5	-1.2762214315842235e-6	1.5710749822980257e-5	-2.6439415955643963e-6
312.0	1.5317867652977016e-5	-1.1231672157912055e-6	1.1550102808409226e-5	-1.2541484137641876e-6	1.547275932778434e-5	-2.615889952681554e-6
314.0	1.514369046221382e-5	-1.1047520395336602e-6	1.1347996464237789e-5	-1.2324571102849733e-6	1.5238365061590446e-5	-2.5880829721705995e-6
316.0	1.4972355730832186e-5	-1.0867204623016435e-6	1.1149426617639679e-5	-1.2111409209794584e-6	1.5007512815581929e-5	-2.5605196494642366e-6
318.0	1.4803804508298137e-5	-1.0690630289559938e-6	1.0954331386363714e-5	-1.1901933597868273e-6	1.4780149196081588e-5	-2.533198954824035e-6
320.0	1.4637979293350768e-5	-1.0517705491321128e-6	1.0762649970983434e-5	-1.1696080527801419e-6	1.455622161232435e-5	-2.506119834324025e-6
322.0	1.4474823992394416e-5	-1.0348340900015958e-6	1.057432263594972e-5	-1.1493787362280027e-6	1.4335678264412865e-5	-2.4792812108104254e-6
324.0	1.4314283879054431e-5	-1.018244968590467e-6	1.0389290690974933e-5	-1.1294992546897137e-6	1.411846813145333e-5	-2.452681984838008e-6
326.0	1.4156305555108941e-5	-1.0019947436982086e-6	1.0207496472742802e-5	-1.109963559143367e-6	1.3904540959868886e-5	-2.4263210355835847e-6
328.0	1.4000836912973085e-5	-9.860752075467902e-7	1.0028883326938351e-5	-1.0907657051462805e-6	1.36938472518879e-5	-2.400197221737096e-6
330.0	1.384782709984717e-5	-9.704783773542087e-7	9.853395590592287e-6	-1.0718998510272317e-6	1.3486338254204485e-5	-2.3743093823707487e-6
332.0	1.3697226483555729e-5	-9.551964870635739e-7	9.680978574734292e-6	-1.0533602561099338e-6	1.32819659468088e-5	-2.348656337786686e-6
334.0	1.3548986620013103e-5	-9.40221979461818e-7	9.511578547349879e-6	-1.0351412789672173e-6	1.3080683031984474e-5	-2.323236890343622e-6
336.0	1.3403060222165325e-5	-9.255474988916911e-7	9.345142716635469e-6	-1.0172373757053865e-6	1.2882442923470734e-5	-2.298049825262889e-6
338.0	1.3259401130190465e-5	-9.111658847012674e-7	9.181619214546448e-6	-9.996430982782272e-7	1.2687199735786747e-5	-2.2730939114143176e-6
340.0	1.3117964282698532e-5	-8.97070165495715e-7	9.02095708063313e-6	-9.823530928301558e-7	1.2494908273715764e-5	-2.2483679020823923e-6
342.0	1.297870568866525e-5	-8.832535541677138e-7	8.863106246159544e-6	-9.65362098068005e-7	1.230552402194668e-5	-2.2238705357130755e-6
344.0	1.2841582399858696e-5	-8.697094435982157e-7	8.708017518500113e-6	-9.486649436609487e-7	1.2119003134870644e-5	-2.1996005366417244e-6
346.0	1.270655248357428e-5	-8.564314028501182e-7	8.55564256580937e-6	-9.322565486680878e-7	1.1935302426530438e-5	-2.1755566158024932e-6
348.0	1.2573574995569993e-5	-8.434131736333085e-7	8.405933901959912e-6	-9.161319199932064e-7	1.1754379360720288e-5	-2.1517374714196127e-6
350.0	1.244260995318222e-5	-8.306486668063705e-7	8.258844871743934e-6	-9.002861508662438e-7	1.1576192041233958e-5	-2.12814178968093e-6
352.0	1.2313618308688082e-5	-8.181319586995349e-7	8.114329636333668e-6	-8.847144193510044e-7	1.1400699202258757e-5	-2.104768245394084e-6
354.0	1.2186561923053432e-5	-8.058572870921446e-7	7.972343158996283e-6	-8.69411986878667e-7	1.1227860198913469e-5	-2.0816155026256967e-6
356.0	1.2061403540254208e-5	-7.938190467488113e-7	7.832841191058706e-6	-8.543741968066383e-7	1.1057634997927878e-5	-2.0586822153239234e-6
358.0	1.1938106762377947e-5	-7.820117845014417e-7	7.695780258118068e-6	-8.395964730023151e-7	1.088998416846192e-5	-2.035967027924735e-6
360.0	1.181663602569922e-5	-7.704301939475875e-7	7.561117646493422e-6	-8.250743184513271e-7	1.0724868873062245e-5	-2.013468575942272e-6
362.0	1.1696956577879093e-5	-7.590691099075558e-7	7.4288113899145165e-6	-8.108033138898305e-7	1.0562250858754296e-5	-1.9911854865436086e-6
364.0	1.1579034456372158e-5	-7.479235028333081e-7	7.298820256443524e-6	-7.967791164604486e-7	1.040209244826766e-5	-1.9691163791082675e-6
366.0	1.1462836468043896e-5	-7.369884733846802e-7	7.17110373562559e-6	-7.82997458391437e-7	1.0244356531392942e-5	-1.9472598657728138e-6
368.0	1.1348330169918777e-5	-7.262592473799568e-7	7.045622025864224e-6	-7.694541456986805e-7	1.0089006556468033e-5	-1.9256145519608464e-6
370.0	1.1235483850905309e-5	-7.157311712898485e-7	6.922336022017612e-6	-7.561450569101284e-7	9.936006521991876e-6	-1.9041790368987048e-6
372.0	1.1124266514291407e-5	-7.053997083822171e-7	6.801207303211955e-6	-7.430661418122725e-7	9.785320968363873e-6	-1.8829519141171945e-6
374.0	1.1014647860776307e-5	-6.952604355481972e-7	6.68219812086806e-6	-7.30213420218295e-7	9.636914969746982e-6	-1.861931771939646e-6
376.0	1.0906598271809511e-5	-6.853090407598146e-7	6.565271386937432e-6	-7.175829807575055e-7	9.490754126052744e-6	-1.8411171939565959e-6
378.0	1.0800088793041187e-5	-6.755413210359768e-7	6.450390662344235e-6	-7.051709796857063e-7	9.346804555046307e-6	-1.82050675948738e-6
380.0	1.0695091117746915e-5	-6.659531807380534e-7	6.3375201456294645e-6	-6.929736397161154e-7	9.20503288456976e-6	-1.800099044028934e-6
382.0	1.0591577570164771e-5	-6.565406299858423e-7	6.2266246617938505e-6	-6.809872488704997e-7	9.065406244881954e-6	-1.7798926196920694e-6
384.0	1.0489521088763728e-5	-6.472997829834911e-7	6.117669651335984e-6	-6.69208159350165e-7	8.927892261113081e-6	-1.759886055625512e-6
386.0	1.0388895209537472e-5	-6.382268560728424e-7	6.010621159482243e-6	-6.576327864264613e-7	8.792459045832279e-6	-1.7400779184279596e-6
388.0	1.0289674049477108e-5	-6.293181653843704e-7	5.905445825605199e-6	-6.462576073504643e-7	8.659075191726619e-6	-1.7204667725484335e-6
390.0	1.0191832290411572e-5	-6.205701240260447e-7	5.8021108728271424e-6	-6.35079160281504e-7	8.527709764389738e-6	-1.7010511806751742e-6
392.0	1.009534516341105e-5	-6.119792388276313e-7	5.700584097805576e-6	-6.240940432342136e-7	8.398332295218576e-6	-1.681829704113344e-6
394.0	1.0000188433925953e-5	-6.035421067317404e-7	5.600833860697396e-6	-6.132989130437775e-7	8.270912774416496e-6	-1.6628009031517692e-6
396.0	9.906338387785786e-6	-5.952554109827152e-7	5.502829075298716e-6	-6.026904843490668e-7	8.145421644101287e-6	-1.6439633374189916e-6
398.0	9.813771818114951e-6	-5.871159173021088e-7	5.406539199357201e-6	-5.922655285933496e-7	8.02182979151641e-6	-1.6253155662288328e-6
400.0	9.722466013146557e-6	-5.79120470250066e-7	5.311934225053938e-6	-5.82020873042275e-7	7.90010854234399e-6	-1.6068561489157406e-6
402.0	9.6323987448412e-6	-5.712659899540148e-7	5.2189846696518364e-6	-5.71953399818831e-7	7.780229654118027e-6	-1.5885836451601235e-6
404.0	9.543548258155348e-6	-5.635494693426979e-7	5.127661566307681e-6	-5.620600449549849e-7	7.662165309736329e-6	-1.5704966153039058e-6
406.0	9.455893260763151e-6	-5.559679719608933e-7	5.037936455044942e-6	-5.523377974597128e-7	7.545888111069641e-6	-1.5525936206565246e-6
408.0	9.369412913020532e-6	-5.485186303673109e-7	4.949781373884554e-6	-5.427836984031429e-7	7.431371072666602e-6	-1.5348732237915814e-6
410.0	9.284086817974249e-6	-5.411986450452814e-7	4.8631688501308824e-6	-5.333948400165256e-7	7.318587615553034e-6	-1.5173339888343625e-6
412.0	9.199895011258196e-6	-5.340052836933683e-7	4.77807189181018e-6	-5.24168364807764e-7	7.207511561124174e-6	-1.4999744817404348e-6
414.0	9.1168179507795e-6	-5.269358807193866e-7	4.694463979258839e-6	-5.151014646922315e-7	7.0981171251284644e-6	-1.4827932705655192e-6
416.0	9.034836506168973e-6	-5.199878367426914e-7	4.612319056858847e-6	-5.06191380138613e-7	6.99037891174151e-6	-1.465788925726838e-6
418.0	8.953931948044015e-6	-5.131586179181039e-7	4.531611524917847e-6	-4.974353993295124e-7	6.884271907728894e-6	-1.4489600202561426e-6
420.0	8.87408593719711e-6	-5.064457549292676e-7	4.452316231691284e-6	-4.888308573365677e-7	6.77977147669648e-6	-1.4323051300445946e-6
422.0	8.795280513870256e-6	-4.998468415544196e-7	4.3744084655441514e-6	-4.803751353098257e-7	6.676853353426907e-6	-1.4158228340797046e-6
424.0	8.717498087299214e-6	-4.9335953277553e-7	4.297863947249897e-6	-4.720656596811297e-7	6.575493638301026e-6	-1.3995117146745025e-6
426.0	8.640721425707374e-6	-4.869815424729814e-7	4.222658822424067e-6	-4.638999013812744e-7	6.475668791802931e-6	-1.3833703576891205e-6
428.0	8.564933646899394e-6	-4.807106408124331e-7	4.14876965409036e-6	-4.5587537507069573e-7	6.377355629107404e-6	-1.3673973527449656e-6
430.0	8.490118209552498e-6	-4.745446514791261e-7	4.076173415376758e-6	-4.479896383834578e-7	6.280531314748519e-6	-1.351591293431661e-6
432.0	8.416258905237981e-6	-4.684814489411922e-7	4.00484748233947e-6	-4.402402911843077e-7	6.185173357368167e-6	-1.335950777506906e-6
434.0	8.343339851133653e-6	-4.625189559239021e-7	3.9347696269124185e-6	-4.326249748385733e-7	6.09125960454334e-6	-1.3204744070894457e-6
436.0	8.27134548332318e-6	-4.566551412514884e-7	3.865918009980129e-6	-4.2514137149468143e-7	5.9987682376909815e-6	-1.3051607888452909e-6
438.0	8.200260550526188e-6	-4.508880181659517e-7	3.798271174571804e-6	-4.1778720337907806e-7	5.907677767049247e-6	-1.2900085341673625e-6
440.0	8.130070108073081e-6	-4.4521564317001675e-7	3.731808039174505e-6	-4.105602321033372e-7	5.817967026734021e-6	-1.2750162593487034e-6
442.0	8.060759511934543e-6	-4.396361153728516e-7	3.666507891163331e-6	-4.0345825798324656e-7	5.729615169869575e-6	-1.2601825857494199e-6
444.0	7.99231441263641e-6	-4.341475762521382e-7	3.602350380346562e-6	-3.964791193696637e-7	5.642601663792263e-6	-1.2455061399575e-6
446.0	7.924720748935199e-6	-4.2874820969353616e-7	3.53931551262375e-6	-3.8962069199093943e-7	5.556906285326146e-6	-1.230985553943649e-6
448.0	7.857964741189778e-6	-4.23436242135815e-7	3.477383643754778e-6	-3.8288088830670755e-7	5.472509116129477e-6	-1.216619465210292e-6
450.0	7.79203288443287e-6	-4.1820994264141865e-7	3.4165354732379515e-6	-3.762576568728455e-7	5.389390538110985e-6	-1.2024065169348837e-6
452.0	7.726911941212375e-6	-4.1306762272878305e-7	3.356752038295216e-6	-3.697489817174132e-7	5.307531228914921e-6	-1.188345358107656e-6
454.0	7.66258893432806e-6	-4.080076358421124e-7	3.298014707962609e-6	-3.6335288172737795e-7	5.2269121574738334e-6	-1.1744346436639488e-6
456.0	7.599051139624939e-6	-4.0302837639038014e-7	3.2403051772841386e-6	-3.570674100459424e-7	5.147514579628043e-6	-1.1606730346112429e-6
458.0	7.53628607901858e-6	-3.9812827835259994e-7	3.1836054616072296e-6	-3.508906534802888e-7	5.0693200338108435e-6	-1.1470591981510361e-6
460.0	7.4742815139142305e-6	-3.933058135111596e-7	3.127897890978024e-6	-3.448207319195635e-7	4.992310336798435e-6	-1.133591807795682e-6
462.0	7.413025439146742e-6	-3.8855948943063614e-7	3.0731651046347158e-6	-3.388557977629194e-7	4.916467579523617e-6	-1.120269543480315e-6
464.0	7.352506077514232e-6	-3.8388784733784354e-7	3.01939004559728e-6	-3.329940353574496e-7	4.84177412295229e-6	-1.107091091669988e-6
466.0	7.292711874914692e-6	-3.792894600752218e-7	2.9665559553518313e-6	-3.2723366044583244e-7	4.76821259402183e-6	-1.094055145462134e-6
468.0	7.233631496029156e-6	-3.747629302913703e-7	2.91464636862804e-6	-3.2157291962353006e-7	4.695765881640395e-6	-1.0811604046844745e-6
470.0	7.1752538204379265e-6	-3.7030688900146005e-7	2.8636451082678853e-6	-3.1601008980536505e-7	4.624417132746283e-6	-1.0684055759884847e-6
472.0	7.117567939014695e-6	-3.659199946006665e-7	2.813536280184248e-6	-3.105434777013233e-7	4.554149748426394e-6	-1.0557893729385262e-6
474.0	7.060563150423324e-6	-3.616009323527898e-7	2.7643042684076653e-6	-3.051714193014134e-7	4.484947380092963e-6	-1.0433105160967615e-6
476.0	7.004228957546484e-6	-3.573484143126856e-7	2.7159337302198053e-6	-2.9989227936943625e-7	4.416793925717664e-6	-1.0309677331039476e-6
478.0	6.948555063703007e-6	-3.5316117958368406e-7	2.6684095913720667e-6	-2.947044509455021e-7	4.349673526122211e-6	-1.0187597587562245e-6
480.0	6.893531368557752e-6	-3.490379947680773e-7	2.6217170413878485e-6	-2.896063548571485e-7	4.28357056132465e-6	-1.0066853350779898e-6
482.0	6.839147963687277e-6	-3.449776544457149e-7	2.575841528947036e-6	-2.8459643923891077e-7	4.21846964694049e-6	-9.947432113909696e-7
484.0	6.785395127829024e-6	-3.4097898151596253e-7	2.5307687573512295e-6	-2.796731790601958e-7	4.154355630637822e-6	-9.829321443795742e-7
486.0	6.7322633219001675e-6	-3.37040827261505e-7	2.486484680068343e-6	-2.748350756613195e-7	4.0912135886456784e-6	-9.712508981526422e-7
488.0	6.679743183918546e-6	-3.33162071035194e-7	2.442975496355142e-6	-2.7008065629756235e-7	4.0290288223147825e-6	-9.59698244301662e-7
490.0	6.627825523985111e-6	-3.29341619527336e-7	2.400227646956405e-6	-2.654084736911099e-7	3.9677868547299225e-6	-9.482729619555648e-7
492.0	6.576501319490652e-6	-3.2557840563239693e-7	2.3582278098793093e-6	-2.608171055907356e-7	3.907473427373192e-6	-9.369738378321786e-7
494.0	6.5257617106887425e-6	-3.218713869924888e-7	2.3169628962417967e-6	-2.563051543390993e-7	3.8480744968373135e-6	-9.257996662864299e-7
496.0	6.475597996751734e-6	-3.182195443419902e-7	2.276420046193543e-6	-2.5187124644752177e-7	3.78957623158829e-6	-9.147492493553807e-7
498.0	6.426001632319842e-6	-3.1462187980675503e-7	2.2365866249083404e-6	-2.475140321781144e-7	3.7319650087766917e-6	-9.038213968001851e-7
500.0	6.37696422459769e-6	-3.110774153187409e-7	2.197450218646573e-6	-2.432321851331289e-7	3.6752274110967756e-6	-8.930149261450452e-7
502.0	6.328477530861273e-6	-3.075851912914913e-7	2.1589986308866253e-6	-2.3902440185140995e-7	3.6193502236927925e-6	-8.823286627132499e-7
504.0	6.280533456294362e-6	-3.0414426566637414e-7	2.121219878523946e-6	-2.348894014118199e-7	3.5643204311117355e-6	-8.717614396603774e-7
506.0	6.2331240519889e-6	-3.007537133885217e-7	2.0841021881366615e-6	-2.3082592504352389e-7	3.5101252143018388e-6	-8.613120980047294e-7
508.0	6.1862415129471175e-6	-2.9741262631286534e-7	2.047633992316495e-6	-2.2683273574300756e-7	3.4567519476561515e-6	-8.509794866550846e-7
510.0	6.139878175933653e-6	-2.9412011348210376e-7	2.0118039260639235e-6	-2.2290861789771973e-7	3.4041881961005054e-6	-8.407624624358356e-7
512.0	6.094026517058111e-6	-2.9087530166876017e-7	1.9766008232463803e-6	-2.1905237691621797e-7	3.352421712225212e-6	-8.306598901095878e-7
514.0	6.048679149017666e-6	-2.8767733603898063e-7	1.9420137131184595e-6	-2.152628388647108e-7	3.30144043345983e-6	-8.206706423972865e-7
516.0	6.003828817986916e-6	-2.8452538078157725e-7	1.9080318169029956e-6	-2.115388501098817e-7	3.2512324792903706e-6	-8.107935999959443e-7
518.0	5.959468400201735e-6	-2.814186195535064e-7	1.8746445444319659e-6	-2.0787927696788766e-7	3.201786148518287e-6	-8.010276515940357e-7
520.0	5.915590898335488e-6	-2.7835625562147314e-7	1.8418414908461843e-6	-2.0428300535942752e-7	3.153089916560638e-6	-7.913716938846218e-7
522.0	5.872189437803448e-6	-2.7533751162440844e-7	1.8096124333527283e-6	-2.0074894047077119e-7	3.1051324327907993e-6	-7.818246315762772e-7
524.0	5.829257263149123e-6	-2.723616289368353e-7	1.7779473280391201e-6	-1.9727600642065106e-7	3.0579025179191202e-6	-7.723853774018731e-7
526.0	5.786787734662126e-6	-2.694278666705842e-7	1.7468363067432396e-6	-1.9386314593291038e-7	3.011389161412917e-6	-7.630528521252855e-7
528.0	5.744774325352274e-6	-2.66535500404258e-7	1.7162696739780213e-6	-1.9050932001481238e-7	2.965581518955237e-6	-7.538259845460859e-7
530.0	5.703210618361507e-6	-2.6368382076865294e-7	1.6862379039099482e-6	-1.872135076409093e-7	2.920468909941777e-6	-7.447037115022732e-7
532.0	5.662090304841724e-6	-2.608721320369172e-7	1.6567316373904371e-6	-1.8397470544237865e-7	2.8760408150154274e-6	-7.356849778711078e-7
534.0	5.621407182268342e-6	-2.580997508678161e-7	1.6277416790391429e-6	-1.8079192740172774e-7	2.832286873637828e-6	-7.267687365680975e-7
536.0	5.581155153106694e-6	-2.5536600532918194e-7	1.5992589943783283e-6	-1.7766420455277915e-7	2.789196881697431e-6	-7.179539485442002e-7
538.0	5.541328223706365e-6	-2.5267023428963746e-7	1.571274707017348e-6	-1.7459058468583975e-7	2.746760789153488e-6	-7.092395827812875e-7
540.0	5.501920503275147e-6	-2.500117872157481e-7	1.5437800958864264e-6	-1.7157013205796993e-7	2.7049686977154394e-6	-7.006246162859304e-7
542.0	5.462926202780895e-6	-2.473900243557656e-7	1.5167665925188155e-6	-1.6860192710825909e-7	2.6638108585571736e-6	-6.921080340815522e-7
544.0	5.424339633647729e-6	-2.4480431723828753e-7	1.4902257783805302e-6	-1.6568506617802578e-7	2.6232776700656235e-6	-6.836888291990015e-7
546.0	5.386155206149443e-6	-2.4225404937170803e-7	1.4641493822467884e-6	-1.6281866123585308e-7	2.583359675623204e-6	-6.753660026655968e-7
548.0	5.348367427452354e-6	-2.397386170040573e-7	1.4385292776243796e-6	-1.6000183960737978e-7	2.544047561423563e-6	-6.671385634926862e-7
550.0	5.3109708993158815e-6	-2.3725742979645194e-7	1.4133574802191164e-6	-1.572337437097608e-7	2.505332154320165e-6	-6.590055286617734e-7
552.0	5.2739603155128776e-6	-2.34809911277608e-7	1.3886261454476188e-6	-1.545135307907207e-7	2.4672044197071974e-6	-6.509659231092529e-7
554.0	5.237330459076592e-6	-2.3239549897940738e-7	1.3643275659926275e-6	-1.5184037267211687e-7	2.4296554594323317e-6	-6.430187797098017e-7
556.0	5.201076199510579e-6	-2.3001364419994153e-7	1.3404541694010928e-6	-1.492134554979365e-7	2.3926765097408483e-6	-6.351631392584697e-7
558.0	5.165192490107648e-6	-2.2766381139388003e-7	1.3169985157243043e-6	-1.4663197948665136e-7	2.356258939250665e-6	-6.273980504515117e-7
560.0	5.1296743655130795e-6	-2.253454772432297e-7	1.2939532951992993e-6	-1.4409515868785233e-7	2.320394246957799e-6	-6.197225698660044e-7
562.0	5.094516939637765e-6	-2.2305812950674024e-7	1.271311325970856e-6	-1.4160222074309325e-7	2.2850740602718064e-6	-6.121357619382871e-7
564.0	5.059715403982239e-6	-2.2080126577743845e-7	1.2490655518533337e-6	-1.3915240665086776e-7	2.250290133080759e-6	-6.046366989412687e-7
566.0	5.025265026379654e-6	-2.1857439229052624e-7	1.2272090401316919e-6	-1.36744970535651e-7	2.2160343438452997e-6	-5.972244609606365e-7
568.0	4.991161150112188e-6	-2.1637702291670652e-7	1.205734979400972e-6	-1.343791794209328e-7	2.1822986937213554e-6	-5.898981358700072e-7
570.0	4.957399193308022e-6	-2.142086784497669e-7	1.1846366774435988e-6	-1.3205431300617635e-7	2.149075304711067e-6	-5.826568193050591e-7
572.0	4.923974648492292e-6	-2.1206888625613003e-7	1.1639075591438107e-6	-1.2976966344763163e-7	2.116356417841522e-6	-5.754996146366765e-7
574.0	4.890883082149271e-6	-2.099571803036293e-7	1.1435411644385985e-6	-1.2752453514293978e-7	2.084134391370864e-6	-5.684256329431461e-7
576.0	4.858120134156918e-6	-2.0787310153419974e-7	1.1235311463044847e-6	-1.2531824451945979e-7	2.0524016990213774e-6	-5.614339929814397e-7
578.0	4.825681516978213e-6	-2.058161984980425e-7	1.103871268779543e-6	-1.2315011982625673e-7	2.0211509282391323e-6	-5.545238211576136e-7
580.0	4.793563014532987e-6	-2.0378602813136294e-7	1.0845554050200176e-6	-1.2101950092968448e-7	1.9903747784798046e-6	-5.476942514963633e-7
582.0	4.761760480723118e-6	-2.0178215654120364e-7	1.0655775353909592e-6	-1.1892573911250421e-7	1.9600660595202645e-6	-5.409444256097586e-7
584.0	4.730269837637069e-6	-1.9980415966146812e-7	1.0469317455902589e-6	-1.1686819687647462e-7	1.9302176897955616e-6	-5.342734926651986e-7
586.0	4.699087073508292e-6	-1.978516236638242e-7	1.0286122248055223e-6	-1.1484624774835651e-7	1.9008226947609067e-6	-5.276806093526087e-7
588.0	4.6682082405400435e-6	-1.959241450429336e-7	1.0106132639031822e-6	-1.1285927608927046e-7	1.8718742052782937e-6	-5.211649398509166e-7
590.0	4.637629452730611e-6	-1.9402133034219442e-7	9.929292536493028e-7	-1.1090667690735063e-7	1.8433654560273865e-6	-5.147256557938322e-7
592.0	4.6073468838361315e-6	-1.9214279553741662e-7	9.75554682961524e-7	-1.0898785567363866e-7	1.8152897839403e-6	-5.083619362349635e-7
594.0	4.577356765591079e-6	-1.9028816514411308e-7	9.584841371915783e-7	-1.0710222814115915e-7	1.7876406266599228e-6	-5.020729676122903e-7
596.0	4.5476553862736215e-6	-1.8845707115301743e-7	9.417122964378771e-7	-1.0524922016712476e-7	1.7604115210214294e-6	-4.958579437120303e-7
598.0	4.518239089657086e-6	-1.866491519222687e-7	9.252339338876082e-7	-1.0342826753821381e-7	1.7335961015566285e-6	-4.897160656319174e-7
600.0	4.489104274338325e-6	-1.8486405116050232e-7	9.090439141878581e-7	-1.016388157988703e-7	1.7071880990208132e-6	-4.836465417439231e-7
602.0	4.460247393383756e-6	-1.8310141712191927e-7	8.931371918452231e-7	-9.988032008257105e-8	1.6811813389417649e-6	-4.776485876564417e-7
604.0	4.4316649541933785e-6	-1.8136090210442677e-7	8.775088096534365e-7	-9.815224494601146e-8	1.655569740190587e-6	-4.717214261759674e-7
606.0	4.4033535184560885e-6	-1.7964216229940994e-7	8.621538971484975e-7	-9.645406420615708e-8	1.6303473135740375e-6	-4.6586428726828477e-7
608.0	4.375309702060652e-6	-1.7794485799251825e-7	8.47067669090845e-7	-9.478526078011353e-8	1.6055081604480382e-6	-4.600764080191972e-7
610.0	4.3475301748370615e-6	-1.762686540662265e-7	8.322454239740781e-7	-9.314532652776399e-8	1.5810464713520422e-6	-4.5435703259481574e-7
612.0	4.32001166003007e-6	-1.7461322071335676e-7	8.176825425597829e-7	-9.15337620971285e-8	1.5569565246639471e-6	-4.4870541220142897e-7
614.0	4.292750933302909e-6	-1.7297823424226567e-7	8.03374486437986e-7	-8.995007677239597e-8	1.5332326852752462e-6	-4.4312080504497853e-7
616.0	4.265744822278806e-6	-1.7136337784275248e-7	7.893167966128095e-7	-8.839378832458483e-8	1.5098694032861131e-6	-4.376024762901581e-7
618.0	4.238990203613024e-6	-1.6976834218849282e-7	7.755050921128607e-7	-8.686442286478432e-8	1.486861212720119e-6	-4.321496980191579e-7
620.0	4.2124840027603765e-6	-1.681928257759077e-7	7.619350686259511e-7	-8.53615146999349e-8	1.4642027302582962e-6	-4.2676174919007497e-7
622.0	4.186223191472904e-6	-1.6663653493732445e-7	7.486024971576938e-7	-8.388460619110064e-8	1.4418886539922397e-6	-4.214379155950071e-7
624.0	4.160204786206541e-6	-1.6509918351272637e-7	7.355032227135818e-7	-8.243324761419335e-8	1.419913762195984e-6	-4.161774898178509e-7
626.0	4.134425846546785e-6	-1.6358049221260492e-7	7.226331630041227e-7	-8.100699702310414e-8	1.3982729121163546e-6	-4.1097977119182126e-7
628.0	4.1088834739039555e-6	-1.6208018774793088e-7	7.099883071726297e-7	-7.960542011520129e-8	1.3769610387815268e-6	-4.0584406575671093e-7
630.0	4.083574810546689e-6	-1.605980018356986e-7	6.975647145452812e-7	-7.822809009915456e-8	1.355973153827514e-6	-4.007696862159072e-7
632.0	4.058497038997458e-6	-1.5913367020560912e-7	6.853585134030421e-7	-7.687458756504376e-8	1.3353043443423187e-6	-3.95755951893182e-7
634.0	4.033647381764798e-6	-1.5768693173283913e-7	6.733658997750845e-7	-7.55445003567142e-8	1.31494977172748e-6	-3.9080218868927404e-7
636.0	4.009023101342262e-6	-1.5625752780368508e-7	6.615831362533117e-7	-7.423742344633827e-8	1.2949046705767582e-6	-3.859077290382763e-7
638.0	3.984621500369565e-6	-1.5484520198800273e-7	6.500065508276348e-7	-7.29529588111467e-8	1.2751643475716941e-6	-3.81071911863847e-7
640.0	3.960439921830817e-6	-1.5344970004907406e-7	6.386325357416208e-7	-7.16907153122904e-8	1.2557241803937972e-6	-3.7629408253525666e-7
642.0	3.936475749163237e-6	-1.5207077027457274e-7	6.274575463681746e-7	-7.045030857579769e-8	1.2365796166531053e-6	-3.7157359282328944e-7
644.0	3.9127264061641144e-6	-1.5070816406755465e-7	6.16478100104884e-7	-6.923136087558893e-8	1.2177261728328763e-6	-3.669098008560097e-7
646.0	3.889189356615393e-6	-1.4936163670074386e-7	6.056907752887043e-7	-6.803350101851486e-8	1.1991594332501655e-6	-3.6230207107440947e-7
648.0	3.865862103587059e-6	-1.4803094811535197e-7	5.950922101296253e-7	-6.685636423138166e-8	1.1808750490320515e-6	-3.577497741879511e-7
650.0	3.842742188427048e-6	-1.4671586364041451e-7	5.84679101663004e-7	-6.569959204993049e-8	1.1628687371072751e-6	-3.5325228713001606e-7
652.0	3.819827189492165e-6	-1.454161545208748e-7	5.744482047202241e-7	-6.456283220973565e-8	1.1451362792130646e-6	-3.4880899301327604e-7
654.0	3.797114720711034e-6	-1.441315981702085e-7	5.643963309173716e-7	-6.344573853899011e-8	1.1276735209169054e-6	-3.4441928108499403e-7
656.0	3.7746024300957456e-6	-1.428619781029612e-7	5.545203476616028e-7	-6.234797085314397e-8	1.1104763706530489e-6	-3.400825466822733e-7
658.0	3.7522879983264015e-6	-1.416070835476921e-7	5.448171771749027e-7	-6.12691948513656e-8	1.0935407987735238e-6	-3.3579819118726075e-7
660.0	3.730169137523994e-6	-1.4036670878597863e-7	5.352837955349222e-7	-6.020908201479221e-8	1.07686283661344e-6	-3.3156562198232036e-7
662.0	3.7082435903010896e-6	-1.3914065230141045e-7	5.259172317326025e-7	-5.916730950654045e-8	1.0604385755703654e-6	-3.27384252405184e-7
664.0	3.6865091291423284e-6	-1.3792871584881184e-7	5.16714566746287e-7	-5.8143560073445624e-8	1.0442641661975718e-6	-3.2325350170409374e-7
666.0	3.664963556121646e-6	-1.3673070356474203e-7	5.076729326320342e-7	-5.713752194949965e-8	1.028335817310929e-6	-3.1917279499294347e-7
668.0	3.6436047029172935e-6	-1.3554642123392605e-7	4.987895116298511e-7	-5.614888876095943e-8	1.0126497951092566e-6	-3.1514156320643173e-7
670.0	3.6224304310460864e-6	-1.3437567580408623e-7	4.900615352855622e-7	-5.5177359433095096e-8	9.97202422307921e-7	-3.111592430552351e-7
672.0	3.6014386322092018e-6	-1.3321827520636683e-7	4.814862835880489e-7	-5.422263809855155e-8	9.819900772854814e-7	-3.072252769812109e-7
674.0	3.5806272286283394e-6	-1.320740284957464e-7	4.730610841215797e-7	-5.328443400729373e-8	9.670091932431919e-7	-3.0333911311263926e-7
676.0	3.559994173254801e-6	-1.309427462809997e-7	4.647833112329797e-7	-5.236246143810982e-8	9.522562573771603e-7	-2.995002052195139e-7
678.0	3.53953744975346e-6	-1.2982424137367455e-7	4.5665038521336625e-7	-5.1456439611643906e-8	9.3772781006298e-7	-2.9570801266888877e-7
680.0	3.5192550721974485e-6	-1.2871832955542367e-7	4.486597714942099e-7	-5.056609260493317e-8	9.234204440526433e-7	-2.9196200038029067e-7
682.0	3.4991450844510655e-6	-1.2762483034726958e-7	4.408089798574556e-7	-4.969114926742213e-8	9.093308036835526e-7	-2.8826163878120523e-7
684.0	3.4792055592643315e-6	-1.2654356766490209e-7	4.330955636594721e-7	-4.883134313842975e-8	8.954555840994481e-7	-2.846064037626432e-7
686.0	3.4594345971430485e-6	-1.25474370261027e-7	4.2551711906857424e-7	-4.79864123660431e-8	8.81791530483074e-7	-2.8099577663479737e-7
688.0	3.439830325091445e-6	-1.2441707188623267e-7	4.180712843158944e-7	-4.715609962741407e-8	8.683354373004022e-7	-2.7742924408279353e-7
690.0	3.4203908953423767e-6	-1.233715111399457e-7	4.107557389593545e-7	-4.63401520504335e-8	8.550841475562471e-7	-2.7390629812254683e-7
692.0	3.401114484192688e-6	-1.2233753102668388e-7	4.0356820316052513e-7	-4.553832113676064e-8	8.420345520610938e-7	-2.704264360567274e-7
694.0	3.3819992910466068e-6	-1.213149782742521e-7	3.965064369741305e-7	-4.475036268618253e-8	8.291835887089737e-7	-2.66989160430843e-7
696.0	3.363043537742091e-6	-1.203037025036273e-7	3.8956823964999305e-7	-4.3976036722282253e-8	8.165282417662226e-7	-2.6359397898944573e-7
698.0	3.3442454681953714e-6	-1.1930355536071435e-7	3.827514489471876e-7	-4.321510741939194e-8	8.040655411709552e-7	-2.602404046324672e-7
700.0	3.3256033483558286e-6	-1.1831438972504603e-7	3.7605394046019743e-7	-4.246734303080889e-8	7.917925618430977e-7	-2.5692795537169103e-7
702.0	3.307115466420521e-6	-1.173360590991483e-7	3.694736269568651e-7	-4.173251581825346e-8	7.797064230048165e-7	-2.536561542873651e-7
704.0	3.2887801332230403e-6	-1.1636841725659212e-7	3.6300845772792167e-7	-4.101040198254604e-8	7.678042875111899e-7	-2.5042452948496226e-7
706.0	3.2705956826879075e-6	-1.154113181901784e-7	3.566564179479046e-7	-4.0300781595483496e-8	7.560833611909666e-7	-2.4723261405209245e-7
708.0	3.252560472234863e-6	-1.1446461635960449e-7	3.5041552804725265e-7	-3.960343853289284e-8	7.445408921972612e-7	-2.4407994601557335e-7
710.0	3.234672883025254e-6	-1.1352816719609609e-7	3.442838430953926e-7	-3.8918160408843305e-8	7.331741703680346e-7	-2.409660682986632e-7
712.0	3.2169313199669917e-6	-1.1260182778590553e-7	3.3825945219461697e-7	-3.8244738510995295e-8	7.219805265962157e-7	-2.3789052867846103e-7
714.0	3.1993342114295343e-6	-1.1168545763007883e-7	3.323404778845716e-7	-3.7582967737067946e-8	7.109573322093157e-7	-2.3485287974347976e-7
716.0	3.181880008661998e-6	-1.1077891936788244e-7	3.265250755571594e-7	-3.693264653240469e-8	7.001019983583961e-7	-2.3185267885139488e-7
718.0	3.1645671849502894e-6	-1.0988207935715557e-7	3.2081143288168695e-7	-3.629357682861898e-8	6.894119754162454e-7	-2.288894880869745e-7
720.0	3.1473942345861364e-6	-1.0899480802557663e-7	3.1519776924006483e-7	-3.5665563983300504e-8	6.788847523846322e-7	-2.259628742201957e-7
722.0	3.1303596717480064e-6	-1.0811697993949746e-7	3.096823351718963e-7	-3.504841672076441e-8	6.685178563104891e-7	-2.2307240866454706e-7
724.0	3.1134620294058602e-6	-1.0724847357701796e-7	3.0426341182927044e-7	-3.444194707382476e-8	6.583088517109027e-7	-2.2021766743552624e-7
726.0	3.096699858359543e-6	-1.0638917083353031e-7	2.98939310441101e-7	-3.3845970326575175e-8	6.482553400067716e-7	-2.1739823110933365e-7
728.0	3.0800717265010684e-6	-1.0553895632537304e-7	2.9370837178683307e-7	-3.3260304958158593e-8	6.383549589650029e-7	-2.1461368478176536e-7
730.0	3.0635762183607383e-6	-1.046977165853364e-7	2.885689656793633e-7	-3.268477258750977e-8	6.286053821491199e-7	-2.1186361802730968e-7
732.0	3.0472119349573773e-6	-1.0386533925840892e-7	2.8351949045700476e-7	-3.2119197919052954e-8	6.190043183781531e-7	-2.0914762485845032e-7
734.0	3.0309774939309153e-6	-1.0304171240566432e-7	2.7855837248434413e-7	-3.1563408689338825e-8	6.095495111936922e-7	-2.0646530368517837e-7
736.0	3.0148715298972185e-6	-1.0222672400858474e-7	2.7368406566183113e-7	-3.101723561460416e-8	6.002387383349725e-7	-2.03816257274718e-7
738.0	2.9988926949346544e-6	-1.0142026173755574e-7	2.688950509439494e-7	-3.0480512339238155e-8	5.91069811221879e-7	-2.0120009271146569e-7
740.0	2.9830396590946843e-6	-1.0062221301111371e-7	2.6418983586582085e-7	-2.9953075385140234e-8	5.82040574445747e-7	-1.9861642135714848e-7
742.0	2.967311110826925e-6	-9.98324653316509e-8	2.5956695407808903e-7	-2.9434764101953206e-8	5.731489052678405e-7	-1.960648588112027e-7
744.0	2.951705757221985e-6	-9.905090684481714e-8	2.550249648899468e-7	-2.8925420618157426e-8	5.643927131253971e-7	-1.9354502487137406e-7
746.0	2.936222324002407e-6	-9.827742703882941e-8	2.5056245282015483e-7	-2.842488979301023e-8	5.557699391451206e-7	-1.9105654349454455e-7
748.0	2.9208595552281002e-6	-9.751191748084392e-8	2.4617802715592107e-7	-2.7933019169316958e-8	5.472785556640134e-7	-1.885990427577851e-7
750.0	2.9056162127237872e-6	-9.675427248305442e-8	2.418703215194951e-7	-2.74496589270182e-8	5.38916565757435e-7	-1.861721548196382e-7
752.0	2.8904910752750867e-6	-9.600438960155049e-8	2.3763799344234943e-7	-2.6974661837580122e-8	5.306820027742806e-7	-1.8377551588163144e-7
754.0	2.8754829376729966e-6	-9.526216989513583e-8	2.3347972394680961e-7	-2.6507883219173065e-8	5.225729298791709e-7	-1.8140876615002426e-7
756.0	2.86059060970767e-6	-9.452751790523784e-8	2.2939421713500706e-7	-2.604918089262569e-8	5.145874396015477e-7	-1.7907154979778855e-7
758.0	2.8458129152198007e-6	-9.380034135753524e-8	2.253801997850219e-7	-2.5598415138140352e-8	5.067236533915728e-7	-1.7676351492682662e-7
760.0	2.8311486913097015e-6	-9.30805506248459e-8	2.2143642095409591e-7	-2.5155448652757437e-8	4.989797211827258e-7	-1.7448431353042615e-7
762.0	2.816596787781904e-6	-9.236805802420801e-8	2.1756165158878478e-7	-2.4720146508554862e-8	4.913538209610014e-7	-1.7223360145595454e-7
764.0	2.802156066871062e-6	-9.166277704398686e-8	2.1375468414193574e-7	-2.42923761115708e-8	4.838441583406071e-7	-1.7001103836779394e-7
766.0	2.7878254032546297e-6	-9.096462160613619e-8	2.1001433219636392e-7	-2.387200716143642e-8	4.764489661460614e-7	-1.678162877105175e-7
768.0	2.773603684319225e-6	-9.027350546348691e-8	2.0633943009511699e-7	-2.3458911611707064e-8	4.6916650400059873e-7	-1.6564901667230898e-7
770.0	2.7594898106122114e-6	-8.958934181237494e-8	2.027288325782061e-7	-2.3052963630879032e-8	4.6199505792078516e-7	-1.635088961486259e-7
772.0	2.7454826963848817e-6	-8.891204317059031e-8	1.9918141442569672e-7	-2.26540395640809e-8	4.549329399172506e-7	-1.613956007061074e-7
774.0	2.7315812701222716e-6	-8.824152153317782e-8	1.9569607010704251e-7	-2.2262017895427063e-8	4.4797848760144584e-7	-1.593088085467281e-7
776.0	2.717784474956815e-6	-8.757768877965462e-8	1.9227171343655518e-7	-2.1876779211022314e-8	4.4113006379833564e-7	-1.5724820147219818e-7
778.0	2.7040912688811635e-6	-8.692045727136399e-8	1.8890727723490525e-7	-2.149820616260645e-8	4.343860561649349e-7	-1.5521346484861054e-7
780.0	2.6905006247036917e-6	-8.626974055118917e-8	1.856017129965428e-7	-2.112618343182724e-8	4.277448768146033e-7	-1.5320428757133607e-7
782.0	2.6770115297277772e-6	-8.562545404425142e-8	1.823539905629407e-7	-2.0760597695131555e-8	4.2120496194700955e-7	-1.5122036203016696e-7
784.0	2.6636229851745655e-6	-8.498751565847532e-8	1.791630978015529e-7	-2.040133758926336e-8	4.147647714836814e-7	-1.4926138407470896e-7
786.0	2.6503340054056045e-6	-8.435584619862257e-8	1.760280402903928e-7	-2.0048293677358688e-8	4.0842278870905525e-7	-1.4732705298002264e-7
788.0	2.637143617029722e-6	-8.373036953393301e-8	1.7294784100812868e-7	-1.9701358415626627e-8	4.021775199169466e-7	-1.4541707141251495e-7
790.0	2.62405085799483e-6	-8.311101249442729e-8	1.6992154002960404e-7	-1.9360426120606804e-8	3.960274940623531e-7	-1.435311453960796e-7
792.0	2.6110547767672333e-6	-8.249770450910046e-8	1.6694819422668355e-7	-1.9025392936992858e-8	3.89971262418517e-7	-1.4166898427848799e-7
794.0	2.5981544316888935e-6	-8.189037703533657e-8	1.640268769743361e-7	-1.8696156806012598e-8	3.8400739823916335e-7	-1.3983030069803065e-7
796.0	2.5853488905778537e-6	-8.128896285798842e-8	1.6115667786185834e-7	-1.8372617434354762e-8	3.7813449642583757e-7	-1.3801481055040858e-7
798.0	2.5726372306032157e-6	-8.069339535439586e-8	1.583367024091538e-7	-1.8054676263633388e-8	3.723511732002647e-7	-1.3622223295587492e-7
800.0	2.560018538427755e-6	-8.010360782602769e-8	1.555660717879741e-7	-1.7742236440379987e-8	3.6665606578165624e-7	-1.3445229022662693e-7
802.0	2.547491910574436e-6	-7.951953298758098e-8	1.5284392254804043e-7	-1.7435202786554985e-8	3.6104783206888807e-7	-1.327047078344484e-7
804.0	2.535056453941602e-6	-7.894110268195678e-8	1.5016940634795512e-7	-1.7133481770568815e-8	3.555251503274783e-7	-1.3097921437860198e-7
806.0	2.5227112863727873e-6	-7.836824785758446e-8	1.475416896908237e-7	-1.6836981478804453e-8	3.5008671888129007e-7	-1.2927554155397088e-7
808.0	2.5104555371787383e-6	-7.780089880765745e-8	1.4495995366450196e-7	-1.6545611587632273e-8	3.4473125580889136e-7	-1.275934241194513e-7
810.0	2.498288347518263e-6	-7.723898563425323e-8	1.4242339368638801e-7	-1.6259283335908873e-8	3.3945749864449845e-7	-1.2593259986659313e-7
812.0	2.4862088705638904e-6	-7.668243886899617e-8	1.3993121925268145e-7	-1.5977909497951674e-8	3.3426420408343675e-7	-1.242928095884903e-7
814.0	2.474216271410126e-6	-7.61311901603957e-8	1.374826536920282e-7	-1.5701404356980668e-8	3.291501476920482e-7	-1.226737970489192e-7
816.0	2.462309726717922e-6	-7.558517292909357e-8	1.35076933923478e-7	-1.5429683679019705e-8	3.241141236219814e-7	-1.2107530895172592e-7
818.0	2.4504884241268762e-6	-7.50443228973565e-8	1.3271331021867515e-7	-1.51626646872489e-8	3.1915494432879546e-7	-1.1949709491046063e-7
820.0	2.4387515614990737e-6	-7.450857841717457e-8	1.303910459682127e-7	-1.490026603680085e-8	3.1427144029481453e-7	-1.179389074182594e-7
822.0	2.4270983460818875e-6	-7.397788054995368e-8	1.2810941745207303e-7	-1.4642407789992487e-8	3.0946245975616796e-7	-1.1640050181797262e-7
824.0	2.4155279936890564e-6	-7.345217288592219e-8	1.2586771361408689e-7	-1.4389011391985478e-8	3.047268684339542e-7	-1.1488163627253952e-7
826.0	2.4040397279954594e-6	-7.293140112783729e-8	1.2366523584033762e-7	-1.4139999646867418e-8	3.000635492694642e-7	-1.1338207173560778e-7
828.0	2.3926327800261992e-6	-7.241551249653347e-8	1.215012977414444e-7	-1.389529669414682e-8	2.954714021634055e-7	-1.1190157192239831e-7
830.0	2.381306387892067e-6	-7.190445504058825e-8	1.1937522493865342e-7	-1.3654827985654457e-8	2.909493437190653e-7	-1.1043990328081377e-7
832.0	2.370059796790081e-6	-7.139817694543723e-8	1.1728635485367399e-7	-1.3418520262844356e-8	2.8649630698935367e-7	-1.0899683496279039e-7
834.0	2.3588922592499954e-6	-7.089662593690848e-8	1.1523403650219017e-7	-1.3186301534487191e-8	2.8211124122766766e-7	-1.0757213879589233e-7
836.0	2.347803035574183e-6	-7.039974886050417e-8	1.1321763029098756e-7	-1.2958101054749629e-8	2.777931116425203e-7	-1.0616558925514785e-7
838.0	2.3367913943913438e-6	-6.990749149280959e-8	1.1123650781862795e-7	-1.2733849301652608e-8	2.735408991558763e-7	-1.047769634351261e-7
840.0	2.325856613229542e-6	-6.941979860862558e-8	1.0929005167961395e-7	-1.2513477955902364e-8	2.6935360016513865e-7	-1.0340604102225419e-7
842.0	2.314997979011659e-6	-6.893661429153665e-8	1.073776552719783e-7	-1.2296919880087374e-8	2.6523022630873236e-7	-1.0205260426737323e-7
844.0	2.304214788388437e-6	-6.845788244161602e-8	1.0549872260824186e-7	-1.2084109098235264e-8	2.6116980423522987e-7	-1.0071643795853244e-7
846.0	2.2935063478471723e-6	-6.798354740659896e-8	1.0365266812967826e-7	-1.1874980775723153e-8	2.571713753759648e-7	-9.939732939402079e-8
848.0	2.28287197356659e-6	-6.751355464596678e-8	1.0183891652382884e-7	-1.1669471199535462e-8	2.532339957210828e-7	-9.809506835563465e-8
850.0	2.2723109910239206e-6	-6.704785133317383e-8	1.0005690254521145e-7	-1.1467517758863245e-8	2.493567355989753e-7	-9.680944708218075e-8
852.0	2.2618227343954066e-6	-6.658638681044934e-8	9.830607083916541e-8	-1.1269058926038935e-8	2.4553867945904796e-7	-9.554026024321364e-8
854.0	2.2514065458203515e-6	-6.612911283163311e-8	9.658587576877999e-8	-1.1074034237800943e-8	2.4177892565777117e-7	-9.428730491300584e-8
856.0	2.2410617746178454e-6	-6.567598355856932e-8	9.489578124485022e-8	-1.088238427688215e-8	2.3807658624796522e-7	-9.305038054475091e-8
858.0	2.2307877765517814e-6	-6.522695531123731e-8	9.323526055880938e-8	-1.069405065391699e-8	2.344307867712683e-7	-9.182928894499662e-8
860.0	2.2205839132325634e-6	-6.47819861063654e-8	9.160379621858365e-8	-1.0508975989661284e-8	2.3084066605374324e-7	-9.062383424830883e-8
862.0	2.2104495517251118e-6	-6.434103504872364e-8	9.000087978732007e-8	-1.0327103897519729e-8	2.2730537600457305e-7	-8.943382289216384e-8
864.0	2.2003840644031165e-6	-6.390406165970229e-8	8.84260117249356e-8	-1.0148378966375466e-8	2.2382408141779898e-7	-8.82590635920686e-8
866.0	2.190386829055344e-6	-6.347102523610462e-8	8.687870123243964e-8	-9.972746743716713e-9	2.2039595977705613e-7	-8.709936731690723e-8
868.0	2.180457229214962e-6	-6.304188432762039e-8	8.535846609897968e-8	-9.800153719055116e-9	2.1702020106326056e-7	-8.595454726451301e-8
870.0	2.170594654651161e-6	-6.261659640419687e-8	8.386483255156445e-8	-9.630547307631017e-9	2.136960075652039e-7	-8.482441883746464e-8
872.0	2.1607985019411426e-6	-6.219511775785747e-8	8.23973351074155e-8	-9.463875834400407e-9	2.1042259369301119e-7	-8.370879961910513e-8
874.0	2.1510681750288066e-6	-6.177740365036136e-8	8.095551642890353e-8	-9.300088518298963e-9	2.0719918579441937e-7	-8.260750934978272e-8
876.0	2.1414030856796986e-6	-6.13634086836226e-8	7.953892718102192e-8	-9.139135456778116e-9	2.04025021973833e-7	-8.152036990331209e-8
878.0	2.131802653756869e-6	-6.095308733884351e-8	7.814712589135528e-8	-8.980967610608701e-9	2.008993519141166e-7	-8.044720526365484e-8
880.0	2.1222663072671125e-6	-6.054639460682782e-8	7.677967881249763e-8	-8.825536788947347e-9	1.9782143670108054e-7	-7.938784150181815e-8
882.0	2.1127934821609106e-6	-6.014328661963853e-8	7.543615978687807e-8	-8.67279563466117e-9	1.9479054865062177e-7	-7.834210675296965e-8
884.0	2.103383621902997e-6	-5.974372119390981e-8	7.411615011395216e-8	-8.522697609906327e-9	1.9180597113847826e-7	-7.730983119376832e-8
886.0	2.094036176863427e-6	-5.934765820903628e-8	7.281923841971669e-8	-8.37519698195593e-9	1.8886699843255745e-7	-7.629084701990908e-8
888.0	2.0847506036038383e-6	-5.895505976683493e-8	7.15450205285083e-8	-8.230248809273154e-9	1.8597293552780105e-7	-7.528498842388023e-8
890.0	2.075526364147943e-6	-5.856589011025096e-8	7.029309933704466e-8	-8.087808927825136e-9	1.8312309798354647e-7	-7.429209157293266e-8
892.0	2.0663629253277673e-6	-5.818011531248401e-8	6.906308469067061e-8	-7.947833937633677e-9	1.803168117633488e-7	-7.33119945872589e-8
894.0	2.0572597582859737e-6	-5.7797702780026775e-8	6.785459326176874e-8	-7.810281189558455e-9	1.7755341307722483e-7	-7.234453751838132e-8
896.0	2.048216338192e-6	-5.74186206390847e-8	6.666724843029864e-8	-7.675108772308957e-9	1.7483224822628306e-7	-7.138956232774761e-8
898.0	2.0392321442014067e-6	-5.704283709076713e-8	6.550068016642547e-8	-7.542275499680929e-9	1.7215267344970443e-7	-7.044691286553256e-8
900.0	2.030306659651439e-6	-5.667031982455155e-8	6.435452491520337e-8	-7.411740898013682e-9	1.6951405477403674e-7	-6.95164348496446e-8
902.0	2.021439372454934e-6	-5.630103557091156e-8	6.322842548327557e-8	-7.28346519386426e-9	1.6691576786476956e-7	-6.859797584493578e-8
904.0	2.012629775626108e-6	-5.593494985422342e-8	6.212203092755823e-8	-7.157409301894871e-9	1.6435719788015397e-7	-6.769138524261387e-8
906.0	2.0038773678541096e-6	-5.5572026978697884e-8	6.103499644587103e-8	-7.033534812969731e-9	1.6183773932723358e-7	-6.679651423985527e-8
908.0	1.9951816540340174e-6	-5.5212230247371134e-8	5.996698326948236e-8	-6.911803982457876e-9	1.5935679592005437e-7	-6.591321581961706e-8
910.0	1.9865421456714645e-6	-5.485552238151151e-8	5.8917658557534346e-8	-6.792179718738224e-9	1.569137804400183e-7	-6.504134473064722e-8
912.0	1.977958361094939e-6	-5.450186607993721e-8	5.788669529331524e-8	-6.674625571903474e-9	1.5450811459835113e-7	-6.418075746769134e-8
914.0	1.969429825438523e-6	-5.415122463836259e-8	5.687377218234715e-8	-6.5591057226594035e-9	1.521392289006503e-7	-6.333131225189457e-8
916.0	1.960956070387548e-6	-5.380356254090425e-8	5.58785735522567e-8	-6.4455849714161365e-9	1.4980656251348242e-7	-6.249286901139739e-8
918.0	1.9525366337165007e-6	-5.345884594011666e-8	5.490078925439832e-8	-6.334028727568151e-9	1.4750956313299953e-7	-6.166528936212385e-8
920.0	1.9441710586747657e-6	-5.311704295801809e-8	5.3940114567198066e-8	-6.224402998959597e-9	1.4524768685554325e-7	-6.084843658876073e-8
922.0	1.935858893298426e-6	-5.2778123765784945e-8	5.299625010118958e-8	-6.116674381531925e-9	1.4302039805020685e-7	-6.004217562592643e-8
924.0	1.9275996897362203e-6	-5.244206043119165e-8	5.206890170571166e-8	-6.010810049150565e-9	1.4082716923332674e-7	-5.924637303952834e-8
926.0	1.9193930036753317e-6	-5.210882655528817e-8	5.115778037723774e-8	-5.906777743607486e-9	1.386674809448717e-7	-5.84608970083064e-8
928.0	1.9112383939385212e-6	-5.177839674938462e-8	5.026260216931033e-8	-5.804545764796769e-9	1.3654082162670455e-7	-5.768561730556295e-8
930.0	1.9031354223005406e-6	-5.145074602548334e-8	4.9383088104050845e-8	-5.7040829610600534e-9	1.3444668750268535e-7	-5.6920405281076035e-8
932.0	1.895083653538859e-6	-5.112584918514467e-8	4.8518964085218484e-8	-5.605358719699033e-9	1.3238458246058925e-7	-5.6165133843195636e-8
934.0	1.8870826557050007e-6	-5.080368029170122e-8	4.766996081278944e-8	-5.508342957651954e-9	1.3035401793581234e-7	-5.541967744112119e-8
936.0	1.8791320005671449e-6	-5.04842122986035e-8	4.683581369903183e-8	-5.4130061123314825e-9	1.283545127968369e-7	-5.468391204735878e-8
938.0	1.8712312641548049e-6	-5.0167416884584924e-8	4.6016262786048465e-8	-5.319319132620975e-9	1.2638559323243099e-7	-5.395771514035707e-8
940.0	1.863380027320753e-6	-4.985326451716128e-8	4.521105266476318e-8	-5.2272534700265604e-9	1.2444679264055513e-7	-5.3240965687320146e-8
942.0	1.855577876233742e-6	-4.954172473386121e-8	4.4419932395323784e-8	-5.136781069982148e-9	1.2253765151895127e-7	-5.2533544127196105e-8
944.0	1.847824402725778e-6	-4.923276660019937e-8	4.364265542889871e-8	-5.0478743633049425e-9	1.2065771735738742e-7	-5.1835332353839875e-8
946.0	1.8401192044386963e-6	-4.892635927880556e-8	4.287897953084159e-8	-4.960506257798689e-9	1.188065445315343e-7	-5.114621369934917e-8
948.0	1.8324618847422641e-6	-4.8622472628845686e-8	4.2128666705200767e-8	-4.874650130002203e-9	1.169836941984481e-7	-5.0466072917571654e-8
950.0	1.8248520524312156e-6	-4.832107775097329e-8	4.1391483120549e-8	-4.790279817080554e-9	1.1518873419363611e-7	-4.9794796167782534e-8
952.0	1.817289321233872e-6	-4.802214740106985e-8	4.066719903711173e-8	-4.707369608856571e-9	1.1342123892968074e-7	-4.913227099853078e-8
954.0	1.8097733091986852e-6	-4.7725656214692626e-8	3.995558873517042e-8	-4.625894239980183e-9	1.1168078929639842e-7	-4.847838633165261e-8
956.0	1.8023036380359444e-6	-4.743158071100929e-8	3.925643044471806e-8	-4.545828882233139e-9	1.0996697256251038e-7	-4.783303244645137e-8
958.0	1.794879932501036e-6	-4.713989907590788e-8	3.856950627634637e-8	-4.467149136966905e-9	1.0827938227880266e-7	-4.719610096404164e-8
960.0	1.787501819898737e-6	-4.6850590755025326e-8	3.789460215334183e-8	-4.389831027671328e-9	1.0661761818275211e-7	-4.656748483185682e-8
962.0	1.7801689297707828e-6	-4.6563635913870886e-8	3.7231507744970384e-8	-4.313850992671872e-9	1.049812861045972e-7	-4.59470783083186e-8
964.0	1.7728808938030248e-6	-4.627901484064182e-8	3.658001640092886e-8	-4.239185877953115e-9	1.0336999787483093e-7	-4.533477694766699e-8
966.0	1.7656373459590843e-6	-4.599670737504747e-8	3.5939925086944036e-8	-4.16581293010644e-9	1.0178337123309526e-7	-4.473047758494948e-8
968.0	1.7584379228111271e-6	-4.571669244246955e-8	3.5311034321498226e-8	-4.093709789399673e-9	1.0022102973845474e-7	-4.4134078321168134e-8
970.0	1.7512822640197667e-6	-4.543894775773255e-8	3.469314811366238e-8	-4.022854482966643e-9	9.868260268102985e-8	-4.3545478508583077e-8
972.0	1.7441700128837898e-6	-4.5163449738717557e-8	3.4086073902016495e-8	-3.953225418114469e-9	9.716772499496825e-8	-4.296457873617126e-8
974.0	1.7371008168794936e-6	-4.4890173640517136e-8	3.348962249463934e-8	-3.884801375746694e-9	9.567603717273469e-8	-4.2391280815238946e-8
976.0	1.7300743281071245e-6	-4.461909388990428e-8	3.290360801014782e-8	-3.817561503900124e-9	9.420718518069882e-8	-4.182548776518669e-8
978.0	1.7230902035764464e-6	-4.435018457193178e-8	3.232784781976863e-8	-3.751485311393528e-9	9.276082037600228e-8	-4.126710379942554e-8
980.0	1.716148105286288e-6	-4.4083419999319316e-8	3.1762162490422715e-8	-3.6865526615861045e-9	9.133659942468474e-8	-4.0716034311443026e-8
982.0	1.7092477000822824e-6	-4.381877528405253e-8	3.1206375728806417e-8	-3.6227437662440047e-9	8.993418422105028e-8	-4.017218586101769e-8
984.0	1.7023886593063905e-6	-4.355622683059609e-8	3.066031432645064e-8	-3.5600391795128954e-9	8.855324180825584e-8	-3.9635466160580824e-8
986.0	1.6955706582870722e-6	-4.329575268146407e-8	3.0123808105741804e-8	-3.498419791994823e-9	8.719344430010228e-8	-3.91057840617241e-8
988.0	1.6887933757292708e-6	-4.303733266683643e-8	2.9596689866886728e-8	-3.437866824927477e-9	8.585446880401083e-8	-3.8583049541851874e-8
990.0	1.6820564930920115e-6	-4.278094833758307e-8	2.9078795335806095e-8	-3.378361824464193e-9	8.453599734516623e-8	-3.806717369097668e-8
992.0	1.6753596940310056e-6	-4.2526582691485915e-8	2.8569963112939577e-8	-3.319886656052893e-9	8.323771679180984e-8	-3.755806869865698e-8
994.0	1.6687026639803757e-6	-4.227421973135366e-8	2.807003462294642e-8	-3.2624234989122115e-9	8.19593187816641e-8	-3.705564784107538e-8
996.0	1.662085089926045e-6	-4.202384391719301e-8	2.7578854065286637e-8	-3.205954840603229e-9	8.070049964947236e-8	-3.6559825468256534e-8
998.0	1.6555066603966197e-6	-4.177543958912758e-8	2.7096268365666677e-8	-3.1504634716950724e-9	7.946096035563683e-8	-3.607051699142316e-8
1000.0	1.648967065666825e-6	-4.152899044153947e-8	2.662212712833494e-8	-3.0959324805228137e-9	7.824040641593784e-8	-3.558763887048913e-8
