# time	pop_1	pop_2
0.0	1.0	0.0
5.0	0.9999114317015165	8.856829848375939e-5
10.0	0.9996473205650355	0.0003526794349649581
15.0	0.9992122934482468	0.0007877065517536659
20.0	0.9986136587716893	0.0013863412283110913
25.0	0.9978609537297297	0.0021390462702704964
30.0	0.9969654336652649	0.0030345663347353486
35.0	0.9959395433683921	0.004060456631608284
40.0	0.9947964052409344	0.005203594759065737
45.0	0.9935493521327546	0.006450647867245401
50.0	0.9922115244309144	0.007788475569085606
55.0	0.9907955427508095	0.009204457249190504
60.0	0.9893132601643023	0.010686739835697717
65.0	0.987775591827328	0.012224408172672199
70.0	0.9861924153726106	0.01380758462738964
75.0	0.9845725325071755	0.015427467492824724
80.0	0.9829236807262997	0.01707631927370071
85.0	0.9812525836583363	0.018747416341664085
90.0	0.9795650289918852	0.02043497100811527
95.0	0.977865963929608	0.022134036070392545
100.0	0.976159599429741	0.023840400570259792
105.0	0.9744495159624743	0.02555048403752662
110.0	0.9727387650041014	0.027261234995899296
115.0	0.9710299619415079	0.02897003805849242
120.0	0.9693253674178591	0.030674632582140995
125.0	0.9676269553894429	0.03237304461055723
130.0	0.9659364672636683	0.03406353273633166
135.0	0.964255452432033	0.03574454756796675
140.0	0.9625852962835748	0.03741470371642484
145.0	0.9609272373708273	0.03907276262917254
150.0	0.9592823757940891	0.040717624205910484
155.0	0.9576516750718421	0.04234832492815741
160.0	0.9560359597865563	0.043964040213443134
165.0	0.9544359111575579	0.04556408884244145
170.0	0.9528520624266863	0.04714793757331324
175.0	0.9512847955850242	0.04871520441497519
180.0	0.9497343405595475	0.050265659440451804
185.0	0.94820077755553	0.051799222444469155
190.0	0.9466840428480238	0.05331595715197551
195.0	0.9451839379608297	0.054816062039169604
200.0	0.9437001418829644	0.05629985811703491
205.0	0.9422322257608763	0.05776777423912261
210.0	0.940779669371766	0.05922033062823299
215.0	0.9393418786247133	0.06065812137528575
220.0	0.9379182033423967	0.06208179665760239
225.0	0.9365079546342487	0.06349204536575068
230.0	0.935110421267891	0.06488957873210865
235.0	0.9337248845656072	0.06627511543439234
240.0	0.9323506314836464	0.06764936851635253
245.0	0.9309869656634433	0.06901303433655552
250.0	0.9296332163668045	0.07036678363319465
255.0	0.9282887453155513	0.07171125468444782
260.0	0.9269529515460413	0.07304704845395793
265.0	0.9256252744584226	0.07437472554157629
270.0	0.924305195289075	0.07569480471092402
275.0	0.9229922372633376	0.07700776273666118
280.0	0.9216859646962776	0.0783140353037209
285.0	0.9203859813043842	0.07961401869561434
290.0	0.9190919279736973	0.08090807202630132
295.0	0.9178034802030652	0.08219651979693343
300.0	0.9165203454080916	0.08347965459190682
305.0	0.9152422602348164	0.08475773976518233
310.0	0.9139689879948999	0.08603101200509877
315.0	0.9127003162983179	0.08729968370168058
320.0	0.9114360549270691	0.0885639450729293
325.0	0.9101760339655028	0.08982396603449536
330.0	0.9089201021803581	0.09107989781963975
335.0	0.9076681256268185	0.09233187437317938
340.0	0.9064199864457619	0.0935800135542358
345.0	0.9051755818115003	0.0948244181884974
350.0	0.903934822987964	0.09606517701203411
355.0	0.9026976344536694	0.09730236554632864
360.0	0.9014639530609552	0.09853604693904304
365.0	0.9002337272019285	0.09976627279806971
370.0	0.8990069159614885	0.10099308403850987
375.0	0.8977834882458399	0.10221651175415825
380.0	0.8965634218825089	0.10343657811748959
385.0	0.8953467026944799	0.10465329730551856
390.0	0.8941333235564355	0.10586667644356315
395.0	0.8929232834449522	0.10707671655504625
400.0	0.8917165864969386	0.10828341350305998
405.0	0.8905132410915844	0.10948675890841435
410.0	0.8893132589708603	0.11068674102913813
415.0	0.8881166544123144	0.11188334558768419
420.0	0.8869234434658393	0.11307655653415949
425.0	0.8857336432634937	0.11426635673650505
430.0	0.8845472714085579	0.11545272859144073
435.0	0.8833643454470579	0.11663565455294078
440.0	0.8821848824221646	0.11781511757783407
445.0	0.8810088985093286	0.11899110149066976
450.0	0.8798364087278451	0.12016359127215309
455.0	0.8786674267228327	0.12133257327716515
460.0	0.8775019646103878	0.12249803538961017
465.0	0.8763400328779161	0.12365996712208165
470.0	0.8751816403313497	0.12481835966864833
475.0	0.8740267940810266	0.12597320591897124
480.0	0.8728754995584438	0.1271245004415543
485.0	0.8717277605567298	0.1282722394432679
490.0	0.8705835792885424	0.12941642071145523
495.0	0.8694429564560059	0.1305570435439917
500.0	0.8683058913282898	0.13169410867170755
505.0	0.8671723818233593	0.13282761817663827
510.0	0.8660424245913027	0.13395757540869485
515.0	0.8649160150974233	0.13508398490257423
520.0	0.8637931477039171	0.13620685229608018
525.0	0.86267381574949	0.1373261842505072
530.0	0.8615580116266451	0.13844198837335184
535.0	0.860445726856645	0.13955427314335234
540.0	0.8593369521622948	0.14066304783770253
545.0	0.8582316775387777	0.1417683224612198
550.0	0.8571298923227442	0.14287010767725353
555.0	0.8560315852598197	0.14396841474017863
560.0	0.8549367445705961	0.14506325542940215
565.0	0.8538453580150809	0.14615464198491696
570.0	0.8527574129554641	0.14724258704453325
575.0	0.8516728964169881	0.14832710358300935
580.0	0.8505917951466262	0.1494082048533714
585.0	0.8495140956692416	0.15048590433075612
590.0	0.8484397843408694	0.15156021565912822
595.0	0.8473688473987812	0.1526311526012165
600.0	0.8463012710080169	0.15369872899198098
605.0	0.8452370413041255	0.1547629586958722
610.0	0.8441761444319168	0.1558238555680809
615.0	0.8431185665800983	0.15688143341989944
620.0	0.8420642940117591	0.15793570598823856
625.0	0.8410133130907315	0.15898668690926634
630.0	0.8399656103039369	0.1600343896960611
635.0	0.8389211722798918	0.1610788277201067
640.0	0.8378799858035956	0.16212001419640268
645.0	0.8368420378280783	0.16315796217192
650.0	0.8358073154828974	0.16419268451710145
655.0	0.8347758060799091	0.16522419392008914
660.0	0.8337474971166429	0.16625250288335552
665.0	0.8327223762775835	0.1672776237224153
670.0	0.8317004314336872	0.1682995685663114
675.0	0.8306816506404129	0.1693183493595855
680.0	0.8296660221345309	0.17033397786546783
685.0	0.8286535343299503	0.1713464656700481
690.0	0.8276441758127799	0.17235582418721854
695.0	0.8266379353357913	0.17336206466420676
700.0	0.8256348018124524	0.17436519818754556
705.0	0.8246347643106468	0.17536523568935103
710.0	0.8236378120461958	0.17636218795380226
715.0	0.8226439343762623	0.17735606562373582
720.0	0.8216531207927122	0.17834687920728587
725.0	0.8206653609154865	0.17933463908451175
730.0	0.8196806444860295	0.1803193555139688
735.0	0.8186989613608179	0.1813010386391807
740.0	0.8177203015050124	0.18227969849498604
745.0	0.8167446549862706	0.18325534501372795
750.0	0.8157720119687334	0.18422798803126494
755.0	0.814802362707218	0.1851976372927804
760.0	0.813835697541626	0.18616430245837254
765.0	0.8128720068915931	0.1871279931084057
770.0	0.8119112812513892	0.1880887187486095
775.0	0.8109535111850874	0.18904648881491143
780.0	0.8099986873220074	0.19000131267799164
785.0	0.8090468003524466	0.19095319964755236
790.0	0.8080978410237031	0.19190215897629578
795.0	0.8071518001363911	0.19284819986360766
800.0	0.8062086685410522	0.19379133145894656
805.0	0.8052684371350558	0.19473156286494314
810.0	0.8043310968597852	0.19566890314021362
815.0	0.8033966386981006	0.19660336130189823
820.0	0.802465053672065	0.19753494632793367
825.0	0.8015363328409248	0.19846366715907401
830.0	0.8006104672993253	0.19938953270067375
835.0	0.7996874481757493	0.20031255182424976
840.0	0.7987672666311616	0.20123273336883712
845.0	0.7978499138578394	0.20215008614215865
850.0	0.796935381078376	0.20306461892162198
855.0	0.7960236595448346	0.2039763404551635
860.0	0.7951147405380438	0.20488525946195427
865.0	0.7942086153670141	0.20579138463298444
870.0	0.7933052753684587	0.20669472463153996
875.0	0.792404711906413	0.2075952880935855
880.0	0.7915069163719314	0.20849308362806712
885.0	0.7906118801828541	0.20938811981714445
890.0	0.7897195947836344	0.2102804052163643
895.0	0.7888300516452139	0.2111699483547846
900.0	0.7879432422649426	0.2120567577350566
905.0	0.7870591581665259	0.2129408418334731
910.0	0.7861777909000099	0.21382220909998922
915.0	0.7852991320417778	0.2147008679582213
920.0	0.7844231731945698	0.2155768268054294
925.0	0.7835499059875118	0.21645009401248735
930.0	0.7826793220761546	0.21732067792384463
935.0	0.781811413142516	0.2181885868574832
940.0	0.7809461708951271	0.21905382910487253
945.0	0.7800835870690744	0.2199164129309254
950.0	0.7792236534260435	0.22077634657395637
955.0	0.7783663617543557	0.22163363824564514
960.0	0.7775117038689948	0.2224882961310067
965.0	0.776659671611633	0.22334032838836862
970.0	0.7758102568506441	0.22418974314935738
975.0	0.7749634514811069	0.22503654851889454
980.0	0.7741192474247987	0.22588075257520257
985.0	0.7732776366301791	0.22672236336982196
990.0	0.7724386110723629	0.22756138892763839
995.0	0.7716021627530805	0.22839783724692084
1000.0	0.7707682837006307	0.22923171629937059
