# time	pop_1	pop_2	total	norm_ket	norm_bra	max_abs_ket	max_abs_bra
0.0	1.0	0.0	1.0	1.0	1.0	1.0	1.0
2.5	0.997784383689757	0.002215616310239237	0.9999999999999962	1.0001085934083946	0.9999825747216226	0.9986651154722616	0.9986651154722616
5.0	0.9911611775610657	0.008838822438926074	0.9999999999999918	1.0004334681009	0.999933302593023	0.9946642476660855	0.9946642476660855
7.5	0.9802010429666974	0.019798957033288975	0.9999999999999863	1.0009719194172124	0.9998611073017788	0.9880087421052285	0.9880087421052285
10.0	0.9650208619248598	0.0349791380751209	0.9999999999999807	1.0017194791404056	0.9997805733665464	0.9787174686822551	0.9787174686822551
12.5	0.9457824181806618	0.05421758181931654	0.9999999999999784	1.0026699739830813	0.9997115245890005	0.9668167628423064	0.9668167628423064
15.0	0.922690573362242	0.07730942663773077	0.9999999999999728	1.0038156058197132	0.9996784552494896	0.9523403435482061	0.9523403435482061
17.5	0.8959909605262235	0.10400903947374442	0.9999999999999679	1.0051470520856332	0.9997098344346655	0.93532920833299	0.93532920833299
20.0	0.8659672232273652	0.13403277677259942	0.9999999999999646	1.0066535844056603	0.9998373083491313	0.9158315058308836	0.9158315058308836
22.5	0.8329378337023672	0.16706216629759232	0.9999999999999595	1.0083232032211962	1.0000948289609548	0.8939023862609712	0.8939023862609712
25.0	0.7972525287545267	0.20274747124542564	0.9999999999999523	1.0101427859605416	1.0005177397109724	0.8696038304189504	0.8696038304189504
27.5	0.7592884063991238	0.24071159360082678	0.9999999999999505	1.0120982461466392	1.001141850166092	0.8430044578112964	0.8430044578112964
30.0	0.7194457302216709	0.2805542697782766	0.9999999999999475	1.0141747007595385	1.0020025313536862	0.8141793146428642	0.8141793146428642
32.5	0.6781434916646317	0.321856508335303	0.9999999999999347	1.016356643164497	1.0031338620700923	0.7832096424435863	0.7832096424435863
35.0	0.6358147830541813	0.3641852169457591	0.9999999999999404	1.0186281189752444	1.0045678537663272	0.7501826281931528	0.7501826281931528
37.5	0.5929020360791146	0.40709796392082115	0.9999999999999358	1.020972902337696	1.0063337777994394	0.7151911368755909	0.7151911368755909
40.0	0.5498521816221084	0.4501478183778312	0.9999999999999396	1.0233746702831275	1.008457614084246	0.678333427471012	0.678333427471012
42.5	0.5071117873105618	0.4928882126893742	0.999999999999936	1.0258171730014571	1.010961634731165	0.7016783398556805	0.7016783398556805
45.0	0.4651222289059695	0.534877771093961	0.9999999999999305	1.0282843981143932	1.0138641303999583	0.730850189336072	0.730850189336072
47.5	0.42431495069869396	0.5756850493012293	0.9999999999999233	1.030760727274757	1.0171792811505858	0.7580861408895173	0.7580861408895173
50.0	0.3851068684444645	0.6148931315554607	0.9999999999999252	1.0332310836727066	1.0209171678483782	0.783315935343606	0.783315935343606
52.5	0.34789596610130136	0.6521040338986158	0.9999999999999172	1.035681069283389	1.025083914976497	0.8064748762968937	0.8064748762968937
55.0	0.3130571347430326	0.6869428652568847	0.9999999999999174	1.0380970909363518	1.0296819512746773	0.8275040006496515	0.8275040006496515
57.5	0.28093829858624697	0.7190617014136703	0.9999999999999173	1.0404664745187346	1.0347103711460373	0.8463502321535762	0.8463502321535762
60.0	0.2518568691272854	0.7481431308726191	0.9999999999999045	1.042777566837104	1.0401653773645336	0.8629665175667608	0.8629665175667608
62.5	0.22609656400566178	0.7739034359942489	0.9999999999999107	1.0450198248532434	1.0460407843064077	0.8773119450568054	0.8773119450568054
65.0	0.20390462245561217	0.7960953775442942	0.9999999999999063	1.0471838921750527	1.0523285606773225	0.8893518445525935	0.8893518445525935
67.5	0.18548944414776986	0.814510555852134	0.9999999999999039	1.0492616628237939	1.059019391407282	0.8990578698037547	0.8990578698037547
70.0	0.17101867292887535	0.8289813270710213	0.9999999999998967	1.0512463324130035	1.0661032398856813	0.9064080619659369	0.9064080619659369
72.5	0.16061774151233243	0.8393822584875572	0.9999999999998896	1.0531324369634214	1.0735698938284894	0.9113868945895622	0.9113868945895621
75.0	0.15436888762803425	0.8456311123718696	0.9999999999999039	1.0549158796435039	1.0814094806179078	0.9139852999494491	0.913985299949449
77.5	0.15231064657847765	0.8476893534214185	0.9999999999998961	1.0565939457689333	1.0896129407472193	0.9142006767124151	0.914200676712415
80.0	0.15443781963894576	0.8455621803609429	0.9999999999998886	1.0581653064194974	1.0981724508729822	0.9120368789994172	0.9120368789994171
82.5	0.16070191234947445	0.8392980876504159	0.9999999999998903	1.0596300110411023	1.1070817907826247	0.9075041869578151	0.907504186957815
85.0	0.17101203153840888	0.8289879684614717	0.9999999999998805	1.06098946939798	1.1163366512171375	0.900619259017677	0.9006192590176769
87.5	0.18523622495037625	0.8147637750495033	0.9999999999998795	1.0622464232291642	1.1259348818659118	0.8914050660635312	0.8914050660635311
90.0	0.20320324267893325	0.7967967573209419	0.9999999999998752	1.0634049079479897	1.1358766809221856	0.8798908078093689	0.8798908078093688
92.5	0.22470469527425152	0.7752953047256216	0.9999999999998731	1.0644702047078345	1.1461647293259136	0.8661118117198899	0.8661118117198898
95.0	0.24949757945086923	0.7505024205490088	0.9999999999998781	1.0654487831455004	1.1568042742190605	0.8501094148747487	0.8501094148747486
97.5	0.2773071387961478	0.7226928612037278	0.9999999999998757	1.0663482351094706	1.1678031672040232	0.831930829224824	0.8319308292248239
100.0	0.30783002380511115	0.692169976194764	0.9999999999998751	1.0671771996873158	1.1791718637474944	0.8116289907401881	0.811628990740188
102.5	0.3407377129659969	0.6592622870338701	0.999999999999867	1.0679452798679498	1.190923390534448	0.7892623929984952	0.7892623929984951
105.0	0.37568015450809394	0.6243198454917814	0.9999999999998754	1.0686629512128614	1.2030732877785382	0.7648949058100244	0.7648949058100243
107.5	0.4122895868099555	0.5877104131899107	0.9999999999998661	1.0693414629677507	1.2156395334657453	0.7385955795218542	0.7385955795218541
110.0	0.4501844943556897	0.5498155056441676	0.9999999999998572	1.0699927321232283	1.2286424562769267	0.7104384356891217	0.7104384356891216
112.5	0.4889736555159745	0.5110263444838792	0.9999999999998537	1.0706292310304517	1.242104643529968	0.680502244847	0.6805022448469998
115.0	0.5282602383123236	0.4717397616875202	0.9999999999998438	1.0712638692936547	1.2560508499293546	0.6841542079974622	0.6841542079974624
117.5	0.5676459006828833	0.43235409931697244	0.9999999999998558	1.0719098707943326	1.2705079122337328	0.7171137607055618	0.717113760705562
120.0	0.6067348525876816	0.39326514741215834	0.9999999999998399	1.07258064684782	1.2855046741713918	0.7480919741989475	0.7480919741989477
122.5	0.6451378385486175	0.354862161451225	0.9999999999998426	1.073289666647512	1.3010719250680545	0.777013316764095	0.7770133167640951
125.0	0.682476000884686	0.31752399911515294	0.9999999999998389	1.0740503263092698	1.317242354717157	0.803808214025226	0.803808214025226
127.5	0.7183845859500603	0.2816154140497824	0.9999999999998427	1.0748758179817743	1.3340505260342697	0.8284132088346989	0.8284132088346989
130.0	0.7525164580720911	0.24748354192774666	0.9999999999998378	1.0757790006302963	1.351532866007635	0.8507711025800738	0.8507711025800738
132.5	0.7845453885876512	0.21545461141218067	0.9999999999998319	1.0767722742234904	1.3697276743990208	0.8708310776188165	0.8708310776188165
135.0	0.8141690903463806	0.1858309096534656	0.9999999999998462	1.0778674591473603	1.388675148577386	0.8885488006234574	0.8885488006234574
137.5	0.8411119712522308	0.15888802874758043	0.9999999999998113	1.0790756827295833	1.4084174217990693	0.9038865066873711	0.9038865066873711
140.0	0.8651275838076015	0.13487241619221674	0.9999999999998181	1.0804072747739668	1.4289986112036464	0.9168130641058547	0.9168130641058547
142.5	0.8860007511651823	0.11399924883463142	0.9999999999998137	1.0818716739728744	1.450464870801316	0.9273040198096945	0.9273040198096945
145.0	0.9035493538441599	0.09645064615565407	0.9999999999998139	1.08347734698077	1.4728644438199874	0.9353416254893704	0.9353416254893702
147.5	0.9176257649825387	0.08237423501726594	0.9999999999998046	1.0852317217919787	1.4962477080000927	0.940914844507694	0.9409148445076938
150.0	0.9281179257420153	0.07188207425779664	0.9999999999998119	1.0871411368701878	1.5206672068222296	0.9440193397570413	0.944019339757041
152.5	0.9349500562127643	0.06504994378703902	0.9999999999998033	1.0892108072279798	1.5461776592833256	0.9446574426744437	0.9446574426744434
155.0	0.9380830008481642	0.061916999151616234	0.9999999999997804	1.091444808356224	1.5728359407623043	0.9428381036835304	0.94283810368353
157.5	0.9375142110563092	0.062485788943471725	0.9999999999997808	1.0938460785619524	1.600701027800147	0.9385768243866106	0.9385768243866103
160.0	0.9332773710545578	0.06672262894522066	0.9999999999997784	1.0964164398978675	1.6298339003254811	0.9318955718828869	0.9318955718828865
162.5	0.9254416764240826	0.0745583235756951	0.9999999999997777	1.0991566374670532	1.6602973960469738	0.9228226756398018	0.9228226756398015
165.0	0.9141107779542288	0.08588922204554537	0.9999999999997742	1.1020663964739144	1.692156013465048	0.9113927073937195	0.9113927073937191
167.5	0.8994214063181142	0.10057859368166427	0.9999999999997784	1.105144495978877	1.7254756622799454	0.8976463446033867	0.8976463446033863
170.0	0.8815416958475787	0.11845830415218826	0.999999999999767	1.1083888579117678	1.7603233629381134	0.8816302180248671	0.8816302180248667
172.5	0.8606692281590829	0.1393307718406835	0.9999999999997664	1.1117966495189209	1.7967669007072358	0.8633967440197947	0.8633967440197944
175.0	0.8370288186058318	0.16297118139392217	0.999999999999754	1.1153643970725262	1.834874444042083	0.843003942249873	0.8430039422498725
177.5	0.8108700704839588	0.18912992951580293	0.9999999999997617	1.1190881083673594	1.8747141421360962	0.8205152394496329	0.8205152394496324
180.0	0.7824647235905133	0.21753527640924902	0.9999999999997624	1.1229634012779854	1.9163537224808675	0.7959992600067527	0.7959992600067523
182.5	0.7521038251148054	0.2478961748849542	0.9999999999997596	1.1269856354554226	1.959860116002127	0.7695296041151387	0.7695296041151383
185.0	0.7200947519360679	0.2799052480636847	0.9999999999997526	1.1311500441112483	2.005299144913354	0.7411846143012143	0.7411846143012139
187.5	0.6867581142022058	0.3132418857975416	0.9999999999997473	1.1354518627725312	2.0527353167997617	0.7110471311596708	0.7110471311596703
190.0	0.6524245705773336	0.34757542942241865	0.9999999999997522	1.139886451894953	2.10223177753366	0.679204239173546	0.6792042391735456
192.5	0.6174315857757025	0.3825684142240481	0.9999999999997505	1.1444494102945313	2.1538504852589213	0.6457470035385865	0.6457470035385862
195.0	0.5821201609548036	0.4178798390449424	0.999999999999746	1.1491366765000766	2.207652677577001	0.6305197290401153	0.6305197290401151
197.5	0.546831567230057	0.4531684327696735	0.9999999999997304	1.1539446153373119	2.2636997137638386	0.6586870363285149	0.6586870363285147
200.0	0.511904112009857	0.48809588798988535	0.9999999999997423	1.1588700873288997	2.322054382677338	0.6850911814656196	0.6850911814656194
202.5	0.47766996704656906	0.5223300329531665	0.9999999999997355	1.163910498829121	2.3827827740491765	0.7096710568613419	0.7096710568613417
205.0	0.44445208607167747	0.5555479139280415	0.9999999999997189	1.1690638312032298	2.4459568148564803	0.7323705320670785	0.7323705320670783
207.5	0.41256123864627015	0.5874387613534574	0.9999999999997276	1.174328647804322	2.511657571862285	0.7531385720519379	0.7531385720519377
210.0	0.3822931854317055	0.6177068145680237	0.9999999999997291	1.179704077988429	2.579979414268953	0.771929341583851	0.7719293415838508
212.5	0.35392601848336347	0.6460739815163592	0.9999999999997227	1.1851897779339535	2.651035114484521	0.788702295530893	0.7887022955308929
215.0	0.3277176884148011	0.672282311584912	0.9999999999997131	1.190785868585479	2.7249619377430347	0.8034222549469693	0.8034222549469692
217.5	0.303903738385459	0.6960962616142479	0.9999999999997069	1.1964928516140756	2.801928730136155	0.8160594688505685	0.8160594688505683
220.0	0.2826952628530809	0.7173047371466238	0.9999999999997047	1.2023115048646558	2.8821439570740317	0.826589661647111	0.8265896616471109
222.5	0.2642771069180185	0.735722893081691	0.9999999999997096	1.2082427593325054	2.965864568471373	0.8349940661853905	0.8349940661853904
225.0	0.24880631988987173	0.7511936801098327	0.9999999999997045	1.2142875602614511	3.053405472430828	0.8412594424773465	0.8412594424773464
227.5	0.23641087444354952	0.7635891255561487	0.9999999999996982	1.220446715469977	3.145149287256208	0.8453780821482344	0.8453780821482343
230.0	0.22718866041818053	0.7728113395815045	0.999999999999685	1.2267207344733395	3.2415559166140757	0.8473477987214525	0.8473477987214524
232.5	0.22120675996518718	0.7787932400344987	0.9999999999996858	1.2331096623638451	3.343171362862185	0.8471719038790255	0.8471719038790254
235.0	0.21850100838497807	0.7814989916147052	0.9999999999996833	1.2396129127234354	3.4506350720091308	0.8448591698752713	0.8448591698752712
237.5	0.21907584262073346	0.7809241573789539	0.9999999999996874	1.2462291040594966	3.5646850084689037	0.8404237783176259	0.8404237783176258
240.0	0.22290443701583218	0.7770955629838394	0.9999999999996716	1.2529559043658236	3.686159610887935	0.8338852555653049	0.8338852555653048
242.5	0.22992912360185247	0.7700708763978295	0.9999999999996819	1.2597898884083711	3.8159958057884413	0.825268395033755	0.825268395033755
245.0	0.240062091880031	0.7599379081196481	0.9999999999996791	1.2667264122158655	3.9552223750738382	0.8146031667311903	0.8146031667311903
247.5	0.25318636080209544	0.7468136391975724	0.9999999999996678	1.2737595090187555	4.104948199727993	0.8019246143936638	0.8019246143936639
250.0	0.2691570134593264	0.7308429865403341	0.9999999999996605	1.280881810530681	4.266345233595421	0.7872727406281248	0.7872727406281249
252.5	0.2878026828626117	0.7121973171370606	0.9999999999996723	1.2880844970131855	4.440626476092001	0.7706923805203175	0.7706923805203176
255.0	0.3089272751536666	0.6910727248459825	0.9999999999996491	1.2953572790191579	4.629019667449493	0.7522330642185534	0.7522330642185535
257.5	0.33231191463912285	0.6676880853605249	0.9999999999996478	1.3026884130889844	4.832737863454938	0.731948869068907	0.7319488690689071
260.0	0.3577170931976515	0.6422829068020138	0.9999999999996654	1.3100647529935936	5.052948390411684	0.7098982619577602	0.7098982619577603
262.5	0.38488500488646743	0.6151149951131808	0.9999999999996483	1.3174718373998648	5.2907418751059	0.6861439326225649	0.7310522180974117
265.0	0.41354204498046776	0.5864579550191885	0.9999999999996563	1.324894014096	5.547103052239062	0.6607526188350674	0.752411398525461
267.5	0.4434014512253081	0.556598548774329	0.9999999999996372	1.3323146001766282	5.822884870228385	0.6337949245657754	0.8004531962910416
270.0	0.4741660637891959	0.5258339362104391	0.999999999999635	1.3397160768670537	6.11878707781921	0.6058633868093853	0.8803903990761698
272.5	0.505531179266763	0.49446882073287063	0.9999999999996336	1.3470803169784682	6.435340037721272	0.6344176330206814	0.9618795388694088
275.0	0.5371874731361094	0.4628125268635272	0.9999999999996365	1.354388842343196	6.772894050185625	0.6612513056575259	1.0443371585550116
277.5	0.5688239643069068	0.43117603569273255	0.9999999999996394	1.3616231079900962	7.131614044716178	0.6863058626118909	1.1271423803418135
280.0	0.6001309948363808	0.3998690051632429	0.9999999999996236	1.3687648092905307	7.511479159688985	0.7095275703459951	1.209644794281349
282.5	0.6308031975397647	0.3691968024598608	0.9999999999996254	1.37579620783714	7.912286501454894	0.7308676025445743	1.2911729446123226
285.0	0.6605424240934595	0.3394575759061617	0.9999999999996212	1.3827004714103959	8.333658257785162	0.7502821262216054	1.3710431872646625
287.5	0.6890606063313919	0.31093939366822076	0.9999999999996126	1.3894620230386077	8.775051319893588	0.7677323751398542	1.4485686852128352
290.0	0.7160825237736385	0.28391747622597047	0.999999999999609	1.3960668938612946	9.235768618527835	0.7831847104558998	1.523068309572615
292.5	0.7413484510087905	0.2586515489908154	0.9999999999996059	1.4025030742581477	9.714971476825346	0.7966106685479094	1.5938752233500522
295.0	0.7646166593800302	0.23538334061958055	0.9999999999996108	1.4087608575009056	10.211692402978015	0.8079869960220891	1.6603449410649327
297.5	0.7856657485013826	0.21433425149821655	0.9999999999995992	1.414833170018748	10.724847871987539	0.8172956719286577	1.7218626801968888
300.0	0.8042967844545482	0.1957032155450564	0.9999999999996046	1.4207158822363775	11.253250766594897	0.8245239172507596	1.7778498483733813
302.5	0.8203352230832783	0.1796647769163285	0.9999999999996069	1.4264080938472128	11.795622256591624	0.8296641917608008	1.8277695420827245
305.0	0.8336325986068214	0.16636740139277809	0.9999999999995994	1.4319123873245763	12.350602990643313	0.8327141783689432	1.8711309670089347
307.5	0.8440679598049675	0.15593204019462836	0.9999999999995959	1.437235043457507	12.91676355528997	0.8336767551183529	1.9074927254039273
310.0	0.851549038273887	0.14845096172570016	0.9999999999995871	1.4423862127350415	13.49261422295734	0.8325599550117148	1.9364649508713316
312.5	0.8560131356976423	0.14398686430194396	0.9999999999995862	1.4473800365079648	14.076614066071125	0.8293769138839275	1.9577103043180464
315.0	0.8574277197063515	0.14257228029323726	0.9999999999995888	1.4522347120489696	14.667179559130693	0.8241458065672339	1.9709438756205513
317.5	0.8557907206767984	0.14420927932278813	0.9999999999995866	1.456972495933727	15.262692826037167	0.8168897716279275	1.975932062980973
320.0	0.8511305247496131	0.14886947524995264	0.9999999999995658	1.4616196406028183	15.861509716945728	0.8076368249890162	1.9724905255092053
322.5	0.8435056613616707	0.15649433863789328	0.999999999999564	1.466206259566194	16.46196791802492	0.7964197627918759	1.9604813240413759
325.0	0.8330041866927084	0.16699581330684982	0.9999999999995581	1.470766117506654	17.062395309181785	0.7832760538935637	1.984250805738555
327.5	0.8197427675695965	0.18025723242995811	0.9999999999995546	1.4753363425536652	17.661118789393143	0.7682477224472954	2.092137568919888
330.0	0.8038654735244612	0.19613452647509882	0.9999999999995601	1.4799570592555147	18.256473787112405	0.7513812210749528	2.197252140126384
332.5	0.7855422878305399	0.21445771216903045	0.9999999999995703	1.4846709422896391	18.846814664699156	0.7327272952172282	2.299116103456487
335.0	0.7649673514034245	0.23503264859613385	0.9999999999995584	1.48952269271873	19.43052621143839	0.7123408393466493	2.397264037180862
337.5	0.7423569564198642	0.2576430435796804	0.9999999999995446	1.4945584406079335	20.006036400064566	0.6902807458627065	2.4912431146620406
340.0	0.7179473093325347	0.2820526906670102	0.9999999999995449	1.4998250800299942	20.57183055743871	0.6666097476746767	2.5806122274900343
342.5	0.6919920856131658	0.30800791438637715	0.999999999999543	1.5053695448412323	21.126467071814613	0.6413942557453354	2.664940678217112
345.0	0.6647598009999739	0.33524019899955787	0.9999999999995317	1.5112380360284117	21.668594727577606	0.6147041932646572	2.743806496157897
347.5	0.6365310262269112	0.363468973772637	0.9999999999995481	1.5174752137983492	22.196971723882903	0.5866128287255084	2.8167944346703866
350.0	0.6075954741390895	0.39240452586044394	0.9999999999995335	1.5241233697829553	22.710486396405788	0.5862833004177933	2.8834937124881574
352.5	0.5782489897234807	0.4217510102760446	0.9999999999995253	1.5312215966243048	23.20817962116285	0.5850532658778005	2.943495565359695
355.0	0.5487904748793874	0.45120952512014084	0.9999999999995282	1.5388049736470988	23.689268835227836	0.5991678879589096	2.996390677761353
357.5	0.5195187806996386	0.4804812192998727	0.9999999999995113	1.5469037881886807	24.153173559607453	0.62224301211884	3.041766568029121
360.0	0.4907296006124342	0.5092703993870952	0.9999999999995294	1.5555428123318493	24.59954225222333	0.6437016729984323	3.0792050040785433
362.5	0.4627123979319165	0.5372876020676074	0.9999999999995239	1.5647406542009632	25.028280250678808	0.6634969599559478	3.1082795310525184
365.0	0.43574740117648036	0.5642525988230457	0.999999999999526	1.5745092016116153	25.439578481272523	0.6815862827060285	3.1285531967722227
367.5	0.4101026999318737	0.589897300067642	0.9999999999995157	1.5848531737360385	25.83394250791288	0.6979314468266313	3.1395765657068138
370.0	0.386031473066756	0.6139685269327495	0.9999999999995055	1.5957697936428616	26.212221367271724	0.712498720374154	3.1408861171931832
372.5	0.3637693797551462	0.6362306202443732	0.9999999999995194	1.6072485912236703	26.57563548013068	0.7252588909681094	3.1320031286495804
375.0	0.34353214203939153	0.6564678579601073	0.9999999999994988	1.6192713423033476	26.92580274018984	0.7361873129080795	3.1124331493435107
377.5	0.32551334559388256	0.6744866544056183	0.9999999999995008	1.63181214584507	27.264761660110427	0.7452639440282806	3.1218680942836623
380.0	0.30988248294781695	0.6901175170516919	0.9999999999995088	1.6448376373109084	27.594990204271713	0.7524733721004395	3.1210591446069347
382.5	0.29678326072237987	0.7032167392771074	0.9999999999994873	1.6583073326216728	27.91941866940215	0.757804830677176	3.108202858922797
385.0	0.28633218946443084	0.7136678105350657	0.9999999999994965	1.6721740939448542	28.241434707790383	0.7612522043342	3.082739419547153
387.5	0.27861747145191057	0.7213825285475616	0.9999999999994722	1.6863847058576547	28.564878354369288	0.7628140233260408	3.0441366514133463
390.0	0.27369819844443005	0.726301801555065	0.9999999999994951	1.7008805483668659	28.894024762242957	0.7624934477206049	2.9918975158874535
392.5	0.2716038677974827	0.7283961322019982	0.9999999999994809	1.7155983518529976	29.233552326542902	0.7602982411256286	2.925568478247711
395.0	0.27233422169562843	0.7276657783038423	0.9999999999994706	1.7304710182309013	29.588494046952317	0.7562407341673603	2.8447487431618916
397.5	0.2758594105339025	0.7241405894655731	0.9999999999994756	1.7454284924322845	29.964170407421136	0.7503377779309995	2.7491003793818445
400.0	0.2821204777352292	0.7178795222642524	0.9999999999994816	1.7603986686366768	30.366102786568423	0.7426106876258505	2.638359422088579
402.5	0.2910301595823378	0.7089698404171341	0.9999999999994719	1.7753083164078696	30.79990747258022	0.7330851767988744	2.803480379594407
405.0	0.3024739900115673	0.6975260099878954	0.9999999999994627	1.7900840129258746	31.271171712059676	0.7288217106908066	3.0667657268679553
407.5	0.3163116968106974	0.6836883031887766	0.999999999999474	1.8046530687346607	31.78531478071628	0.7618281006508046	3.3325969051299564
410.0	0.33237887232619073	0.6676211276732791	0.9999999999994698	1.8189444357563598	32.34743866648194	0.7929051663094394	3.599863094169682
412.5	0.3504888986603538	0.6495111013391052	0.999999999999459	1.8328895876696993	32.96217439138697	0.8218903240877254	3.867324238256927
415.0	0.37043510446456807	0.6295648955348746	0.9999999999994427	1.8464233640465006	33.63353103568649	0.8486279842762655	4.133610438783249
417.5	0.3919931278459725	0.608006872153478	0.9999999999994506	1.859484770834175	34.364754961704975	0.8729701151609892	4.397224250679459
420.0	0.4149234576350393	0.5850765423644215	0.9999999999994609	1.8720177308292099	35.1582064394867	0.8947768359545415	4.656546051526978
422.5	0.43897412333597696	0.5610258766634737	0.9999999999994507	1.8839717786857857	36.015259843252046	0.913917022781873	4.909842624105116
425.0	0.46388350252465815	0.5361164974747952	0.9999999999994533	1.895302695736027	36.93623193892525	0.9302689163882661	5.1552790416969385
427.5	0.48938321328682965	0.5106167867125974	0.999999999999427	1.9059730804645656	37.9203407497813	0.9437207234117456	5.390933877319617
430.0	0.5152010585150076	0.4847989414844189	0.9999999999994265	1.9159528508885098	38.96569535936256	0.9541712054899764	5.614817677859167
432.5	0.5410639885130855	0.45893601148634827	0.9999999999994338	1.925219675358287	40.06931507249264	0.9615302524876732	5.824894555913232
435.0	0.5667010483939142	0.4332989516055135	0.9999999999994278	1.933759328433851	41.227174827132	0.9657194379759261	6.019106659847053
437.5	0.5918462771946562	0.40815372280477125	0.9999999999994275	1.941565968526402	42.434272753399924	0.966672556968165	6.19540119002452
440.0	0.6162415264665102	0.383758473532905	0.9999999999994151	1.9486423339537835	43.68471532700958	0.9643361480105396	6.351759540291265
442.5	0.6396391673073523	0.3603608326920631	0.9999999999994154	1.9549998539671933	44.97181559152934	0.9586700042548351	6.486228062408903
445.0	0.6618046563773143	0.3381953436220854	0.9999999999993998	1.9606586712008518	46.28820030313643	0.9496476813906942	6.5969498809349325
447.5	0.6825189333463588	0.3174810666530553	0.9999999999994141	1.96564757191226	47.62592244180424	0.9372570146755045	6.682197130346193
450.0	0.7015806244407017	0.29841937555870623	0.9999999999994079	1.970003820360903	48.97657620531291	0.921500663359652	6.740402947867786
452.5	0.7188080292520076	0.2811919707473778	0.9999999999993854	1.973772893764899	50.33141225803136	0.9023967094588778	6.77019253673961
455.0	0.7340408707134914	0.2659591292859055	0.9999999999993969	1.9770081145298817	51.681451581841955	0.8799793504864072	6.795297149955705
457.5	0.7471417910952505	0.25285820890415717	0.9999999999994076	1.9797701769175422	53.0175967418038	0.8542997446997517	6.896084446091417
460.0	0.7579975799881034	0.2420024200112854	0.9999999999993887	1.9821265660692113	54.33073972978474	0.82542709638435	6.967015491698027
462.5	0.7665201234888038	0.23347987651059504	0.9999999999993989	1.9841508683771736	55.611865797574865	0.7934501139891917	7.006213229553298
465.0	0.7726470671306158	0.22735293286877148	0.9999999999993873	1.9859219736510272	56.8521528575051	0.7597753868015593	7.136298622299023
467.5	0.7763421884796126	0.22365781151976985	0.9999999999993824	1.9875231713938601	58.043066135859355	0.7936991837869376	7.660278287340834
470.0	0.7775954786943086	0.22240452130505026	0.9999999999993588	1.9890411457992738	59.17644783266059	0.8257399874053375	8.170850011182957
472.5	0.7764229356886734	0.22357706431069949	0.9999999999993728	1.9905648767944493	60.24460158650123	0.8557523098850786	8.663591222876134
475.0	0.772866074800466	0.22713392519891865	0.9999999999993846	1.992184457540871	61.240371575525884	0.8835971222153817	9.134041683057683
477.5	0.7669911660159614	0.2330088339834107	0.9999999999993721	1.993989842176689	62.157216111066326	0.9091422369196674	9.57775511185946
480.0	0.758888209797433	0.24111179020192053	0.9999999999993535	1.9960695411120912	62.98927560034433	0.9322627231817849	9.990353743244203
482.5	0.7486696663721393	0.25133033362721524	0.9999999999993545	1.9985092846959838	63.73143476778703	0.9528413386971941	10.367584773463905
485.0	0.7364689559380081	0.2635310440613555	0.9999999999993636	2.0013906793443916	64.37937902786902	0.9707689670001632	10.705377723652774
487.5	0.7224387495960738	0.2775612504032785	0.9999999999993523	2.0047898830158517	64.9296448924762	0.9859450520557077	10.999901785521265
490.0	0.7067490729080858	0.29325092709125966	0.9999999999993454	2.0087763289845437	65.379664269401	0.9982780240975457	11.247622273911754
492.5	0.6895852457807408	0.3104147542186031	0.9999999999993439	2.013411527958239	65.72780246356731	1.0076857123586287	11.445355375548859
495.0	0.6711456838792131	0.3288543161201297	0.9999999999993429	2.018747978514868	65.97338962820912	1.0140957416913552	11.590320462543911
497.5	0.651639587959458	0.348360412039885	0.999999999999343	2.0248282144532497	66.11674533034763	1.0174459112622245	11.680189334343305
500.0	0.631284548373439	0.3687154516258956	0.9999999999993345	2.031684014923124	66.15919579593735	1.0176845546501092	11.713131865551565
502.5	0.6103040925397614	0.3896959074595702	0.9999999999993316	2.039335799172927	66.10308328878955	1.0147708818866943	11.687857673565818
505.0	0.5889252033836241	0.4110747966157069	0.999999999999331	2.0477922225942273	65.95176695881032	1.0086753053659214	11.603653585923292
507.5	0.5673758366385973	0.4326241633607191	0.9999999999993163	2.0570499847118127	65.70961437519655	0.9993797532544885	11.460416893331464
510.0	0.5458824644751074	0.45411753552421785	0.9999999999993252	2.067093853208627	65.38198284600146	0.9868779762422641	11.258684637148754
512.5	0.5246676721878137	0.47533232781150797	0.9999999999993217	2.0778969013726254	64.97518952512792	0.9711758564441532	11.033606806442316
515.0	0.5039478336513955	0.4960521663479146	0.9999999999993101	2.089420949904771	64.49646923133429	0.9522917313976407	10.994135022948697
517.5	0.4839308899558145	0.516069110043497	0.9999999999993114	2.1016171982017724	63.953918863913394	0.9302567519991426	10.904506020892867
520.0	0.464814254082163	0.5351857459171429	0.9999999999993059	2.11442702532844	63.35642731277959	0.9051153018421385	10.765092671161065
522.5	0.44678286269685674	0.5532171373024545	0.9999999999993112	2.127782937139438	62.713589848130354	0.8769255182984872	10.576846864169164
525.0	0.4300073941530649	0.5699926058462332	0.9999999999992981	2.141609633513906	62.03560616363683	0.8457599753528519	10.341321167507214
527.5	0.414642669618159	0.5853573303811449	0.9999999999993039	2.155825168441803	61.33316156959767	0.8156313993975605	10.06068868381376
530.0	0.4008262519240413	0.5991737480752437	0.999999999999285	2.1703421756684964	60.617291324210285	0.8746750943130254	9.737762305692653
532.5	0.3886772542912813	0.6113227457080167	0.999999999999298	2.1850691336115813	59.89922878596683	0.9320046570239682	9.37601498089233
535.0	0.37829536853932905	0.6217046314599778	0.9999999999993068	2.1999116451086853	59.190238992136834	0.9873440220504928	8.979603063201905
537.5	0.3697601197921537	0.6302398802071318	0.9999999999992855	2.21477371000981	58.501440419611384	1.0404376012811052	8.553395274741595
540.0	0.3631303520543196	0.6368696479449714	0.999999999999291	2.2295589714630104	57.84361903142511	1.0910470985563907	8.103010088964668
542.5	0.35844394639432475	0.6415560536049603	0.999999999999285	2.24417191974477	57.22704017175999	1.1389495590487846	7.6348641012265706
545.0	0.355717770861835	0.6442822291374494	0.9999999999992844	2.258519040472664	56.66126530258277	1.1839362130789444	7.202088431085817
547.5	0.35494785871044077	0.6450521412888459	0.9999999999992867	2.2725098968613215	56.154981778816754	1.225811838493265	6.904749373332289
550.0	0.35610980902658956	0.6438901909726876	0.9999999999992772	2.286058138236551	55.715854601792266	1.264394464485642	6.5829642762591245
552.5	0.35915940150293396	0.6408405984963294	0.9999999999992633	2.2990824292381644	55.35040913944641	1.2995153005374018	6.240351634198565
555.0	0.3640334148668661	0.6359665851323941	0.9999999999992601	2.311507295985069	55.0639529772889	1.3310188124645648	5.8811528124563175
557.5	0.3706506364032512	0.6293493635959957	0.9999999999992468	2.3232638869400546	54.86054329836281	1.3587628922659523	5.847785873743448
560.0	0.37891304811553367	0.6210869518837172	0.9999999999992508	2.334290647312032	54.7430035691529	1.382619084755051	5.983347775875612
562.5	0.3887071733691827	0.6112928266300716	0.9999999999992543	2.3445339066010287	54.71299008295968	1.4024728449488189	6.094086583603853
565.0	0.3999055663719664	0.6000944336272869	0.9999999999992533	2.353948379367246	54.7711054686034	1.4182238077892195	6.180941535155827
567.5	0.412368425578112	0.5876315744211358	0.9999999999992477	2.3624975795366674	54.91705306060096	1.4297860571879477	6.245574228013639
570.0	0.42594531107074945	0.574054688928499	0.9999999999992484	2.370154148590789	55.149823469324794	1.4370883853844627	6.290450885394805
572.5	0.44047694518400904	0.5595230548152409	0.9999999999992499	2.37690009787603	55.46790309309453	1.440074536706729	6.318916995779652
575.0	0.45579707507913825	0.5442029249200998	0.999999999999238	2.382726965056097	55.86949381401454	1.4387034323822094	6.335253763867099
577.5	0.47173437568937865	0.5282656243098487	0.9999999999992273	2.387635884463011	56.35273366788602	1.4329493753338625	6.4397614268112315
580.0	0.4881143713946105	0.5118856286046344	0.9999999999992448	2.3916375708217985	56.915909676710754	1.4228022361386354	6.551701402486033
582.5	0.504761354976152	0.49523864502309267	0.9999999999992447	2.3947522155699437	57.55765599015568	1.4082676237436287	6.64812580183579
585.0	0.5215002828278892	0.47849971717132395	0.9999999999992131	2.397009294803715	58.27713268633586	1.3893670473744233	6.730421166535853
587.5	0.5381586260529527	0.4618413739462666	0.9999999999992193	2.3984472877957055	59.074182751825134	1.3661380796459146	7.002361613515338
590.0	0.5545681579446016	0.4454318420546141	0.9999999999992157	2.399113305076706	59.94946668318002	1.33863453563714	7.603385539191289
592.5	0.5705666594229879	0.42943334057622023	0.9999999999992082	2.399062625293915	60.90457569425897	1.3069266892658105	8.191243980307473
595.0	0.5859995252584232	0.4140004747407771	0.9999999999992004	2.398358140478673	61.942125615002396	1.2711015576891846	8.760723963055339
597.5	0.600721255342329	0.39927874465688457	0.9999999999992135	2.397069710009098	63.06583422381114	1.2312632982338356	9.307006618810739
600.0	0.6145968168470815	0.385403183152131	0.9999999999992124	2.395273424461083	64.2805849988745	1.187533783055019	9.825754411733447
602.5	0.6275028648280626	0.37249713517115396	0.9999999999992166	2.393050781722512	65.59248015379734	1.1400534485482847	10.313214395973958
605.0	0.6393288106405038	0.3606711893586647	0.9999999999991686	2.3904877792084864	67.00888539580511	1.088982566607131	10.766336669329998
607.5	0.649977729451836	0.35002227054736684	0.9999999999992029	2.3876739277546672	68.53846816655495	1.082631801980549	11.182907398260685
610.0	0.6593671000988112	0.34063289990038914	0.9999999999992003	2.384701194759766	70.19123025056383	1.1283245541490008	11.561695410922788
612.5	0.6674293725515608	0.33257062744762905	0.9999999999991898	2.3816628863549982	71.97853461981933	1.1712351404074373	11.902610301113947
615.0	0.6741123602708758	0.32588763972833246	0.9999999999992083	2.3786524807331	73.913125285711	1.2111984348058713	12.206868061534278
617.5	0.6793794567667858	0.3206205432323871	0.9999999999991729	2.3757624271832203	76.00913782067765	1.2480601109052922	12.527799344563674
620.0	0.6832096776566979	0.3167903223424842	0.9999999999991822	2.37308292773782	78.28209717318411	1.2816766623154718	13.113404939497293
622.5	0.6855975314582354	0.3144024685409339	0.9999999999991693	2.3707007205097046	80.74889852287704	1.3119155147371686	13.671861253682609
625.0	0.6865527242189233	0.3134472757802387	0.999999999999162	2.3686978856331105	83.42776630592296	1.3386551948433845	14.20068782132564
627.5	0.6860997048546592	0.31390029514451856	0.9999999999991778	2.3671506960680553	86.33818627803386	1.361785531732406	14.698104886888839
630.0	0.6842770597294833	0.3157229402696685	0.9999999999991518	2.366128536234111	89.50080565259243	1.3812078737169362	15.163099699899798
632.5	0.6811367665393314	0.3188632334598281	0.9999999999991596	2.3656929113804885	92.93729700077763	1.396835308077935	15.595489515156014
635.0	0.676743318947149	0.32325668105200794	0.9999999999991569	2.365896569680717	96.67018273286504	1.4085928748621002	15.99597673072097
637.5	0.671172734645679	0.3288272653534813	0.9999999999991602	2.366782757216952	100.72261854614622	1.416417768322541	16.3661906918109
640.0	0.6645114605807867	0.3354885394183731	0.9999999999991598	2.3683846233040873	105.11813612467517	1.4202595215125529	17.297630408025675
642.5	0.6568551899480772	0.34314481005106884	0.999999999999146	2.3707247900738087	109.88034746745674	1.4200801710608701	18.625481402862423
645.0	0.648307606268453	0.35169239373068434	0.9999999999991374	2.373815096032883	115.0326153412175	1.41585440044027	20.004724613560498
647.5	0.638979070350731	0.3610209296484003	0.9999999999991314	2.3776565186224428	120.59769634178089	1.407569661211905	21.44007531660683
650.0	0.6289852662589326	0.3710147337402004	0.9999999999991329	2.382239275871087	126.5973647737596	1.3952262728915132	22.93774659638169
652.5	0.6184458225177273	0.38155417748140213	0.9999999999991294	2.3875431023112346	133.05202693962238	1.3788375033472096	24.50528212326676
655.0	0.6074829247144757	0.3925170752846514	0.9999999999991271	2.3935376896722413	139.98033644039447	1.3584296331251773	26.151333834895304
657.5	0.5962199353941208	0.4037800646049921	0.9999999999991129	2.400183278710337	147.39882175681115	1.3340420089691103	28.24519658901918
660.0	0.5847800367008972	0.41521996329821537	0.9999999999991125	2.4074313850779303	155.32153776213903	1.3057270942769346	31.99984115172023
662.5	0.5732849106060749	0.42671508939304487	0.9999999999991198	2.41522563951128	163.75975298866348	1.2735505276581653	35.94981729697189
665.0	0.5618534707855526	0.43814652921356284	0.9999999999991154	2.42350272090005	172.72168449020768	1.2375912056316825	40.07171216127161
667.5	0.5506006592853523	0.4493993407137592	0.9999999999991115	2.432193360004487	182.21229204412734	1.1979414126513466	44.33730492202338
670.0	0.5396363200525206	0.46036367994659505	0.9999999999991156	2.4412233916559307	192.23314320851617	1.154707032388688	48.71335739236523
672.5	0.52906416022741	0.47093583977169917	0.9999999999991092	2.4505148341153844	202.78236034203957	1.108007890739605	53.16149343104503
675.0	0.518980808808153	0.4810191911909634	0.9999999999991165	2.459986975738831	213.8546600166878	1.145287016910935	57.6381773068711
677.5	0.5094749809255633	0.49052501907355317	0.9999999999991165	2.4695574510525145	225.44149419427296	1.211825077244662	62.09480321570371
680.0	0.5006267545264139	0.49937324547268114	0.9999999999990951	2.4791432906162183	237.53130097034415	1.2754798101716855	66.47790932158678
682.5	0.4925069647717434	0.5074930352273626	0.9999999999991059	2.488661931493942	250.10987049112714	1.3360087315337175	70.7295303726228
685.0	0.4851767199352599	0.5148232800638454	0.9999999999991053	2.4980321776215564	263.1608287121835	1.3931869655383653	74.7877034648422
687.5	0.47868704105332216	0.5213129589457746	0.9999999999990967	2.507175101744996	276.6662379113674	1.4468057243756314	78.58714227743825
690.0	0.47307862605068896	0.5269213739484035	0.9999999999990925	2.5160148828105884	290.6073082524093	1.4966713724449487	82.06009659892015
692.5	0.4683817375649243	0.531618262434157	0.9999999999990813	2.524479574658105	304.9652092297918	1.542604875033365	85.13741696825534
695.0	0.4646162122342536	0.5353837877648252	0.9999999999990787	2.53250180355794	319.72196358631976	1.5844415012381279	87.74984993358882
697.5	0.4617915878154371	0.5382084121836347	0.9999999999990719	2.5400193935292137	334.8613994377907	1.622030694593239	89.82959960785945
700.0	0.4599073431770682	0.5400926568220079	0.9999999999990761	2.5469759194756545	350.3701291164522	1.6552360527480334	91.3122087816554
